0.7307692307692307
0.8157894736842105
0.9090909090909091
0.8936170212765957
0.75
0.7083333333333334
0.6666666666666666
0.5714285714285714
0.7333333333333333
0.625
0.625
0.8
0.5
0.38461538461538464
0.7
0.8571428571428571
0.16666666666666666
0.5
0.5
0.375
0.8
0.2857142857142857
0.2857142857142857
0.14285714285714285
0.3333333333333333
0.3333333333333333
0.6666666666666666
0.5
0.5
0.5
0.5
0.6666666666666666
0.5
0.3333333333333333
0.6666666666666666
0.5
1.0
0.5
1.0
0.5
0.5
0.5
0.5
0.5
0.5
0.5
0.5
0.5
0.5
0.5
0.5
0.5
0.5
1.0
0.5
0.5
0.5
0.5
0.5
0.5
0.5
0.5
0.5
0.5
0.5
