-0.45786381493257766
-0.43322473123738625
-0.43400279655436913
-0.41655685552534927
-0.458269126924547
-0.5238325671425135
-0.5913275402219738
-0.36794939377965197
-0.5503970678069643
-0.5713621571362142
-0.5494186046511625
-0.44444444444444453
-0.8055555555555568
-1.0
-0.588235294117648
-0.10526315789474032
0.0
0.0
0.0
-1.0
-1.0
0.0
0.0
0.0
0.0
0.0
0.0
0.0
0.0
0.0
0.0
0.0
0.0
0.0
0.0
0.0
0.0
0.0
0.0
0.0
0.0
0.0
0.0
0.0
0.0
0.0
0.0
0.0
0.0
0.0
0.0
0.0
0.0
0.0
0.0
0.0
0.0
0.0
0.0
0.0
0.0
0.0
0.0
0.0
0.0
