0.711038961038961
0.663094941440319
0.7208727871552079
0.6924969249692496
0.7795484727755644
0.745945945945946
0.7638376383763837
0.7580645161290323
0.8085106382978723
0.7660818713450293
0.7373737373737373
0.7
0.8275862068965517
0.7647058823529411
0.75
0.6956521739130435
1.0
0.7037037037037037
0.8461538461538461
0.6923076923076923
0.6470588235294118
0.8181818181818182
0.8461538461538461
1.0
1.0
1.0
0.6
0.7777777777777778
1.0
1.0
1.0
0.7142857142857143
1.0
1.0
0.6666666666666666
1.0
0.3333333333333333
1.0
0.5
1.0
1.0
1.0
1.0
1.0
1.0
1.0
1.0
1.0
1.0
1.0
1.0
1.0
1.0
0.0
1.0
1.0
1.0
1.0
1.0
1.0
0.0
0.0
0.0
0.0
0.0
