8.807692307692308
7.96
4.444444444444445
4.696969696969697
4.0
3.413793103448276
1.3333333333333333
1.6428571428571428
1.4210526315789473
0.8333333333333334
1.0714285714285714
0.3
0.75
0.6
1.0
0.2222222222222222
0.8
0.375
0.5555555555555556
0.4
0.16666666666666666
0.0
0.25
0.25
0.0
0.3333333333333333
0.3333333333333333
0.3333333333333333
0.0
0.25
0.0
0.0
0.0
0.6666666666666666
0.0
0.25
0.0
0.0
0.0
0.0
0.0
0.0
0.5
0.0
0.0
0.0
0.0
0.0
0.0
0.0
0.0
0.5
0.0
0.0
0.0
0.5
0.0
0.0
0.0
0.0
0.0
0.0
0.0
0.0
0.0
0.0
0.0
0.0
0.0
0.0
0.0
0.0
0.3333333333333333
0.0
0.0
0.0
0.0
0.0
0.0
0.0
0.0
0.0
0.0
0.0
0.0
0.0
0.0
