0.17782217782217782
0.23719298245614034
0.22828282828282828
0.23126734505087881
0.13174603174603175
0.17028985507246377
0.1523809523809524
0.14285714285714285
0.17142857142857143
0.16666666666666666
0.10833333333333334
0.2
0.1111111111111111
0.05128205128205128
0.2
0.3333333333333333
0.0
0.14285714285714285
0.16666666666666666
0.07142857142857142
0.3
0.047619047619047616
0.047619047619047616
0.0
0.0
0.0
0.3333333333333333
0.16666666666666666
0.0
0.0
0.0
0.3333333333333333
0.0
0.0
0.3333333333333333
0.0
1.0
0.0
1.0
0.0
0.0
0.0
0.0
0.0
0.0
0.0
0.0
0.0
0.0
0.0
0.0
0.0
0.0
1.0
0.0
0.0
0.0
0.0
0.0
0.0
0.0
0.0
0.0
0.0
0.0
