0.8046875
0.8065843621399177
0.7934272300469484
0.7244897959183674
0.7696629213483146
0.7045454545454546
0.7134831460674158
0.7175141242937852
0.6932515337423313
0.79375
0.7243589743589743
0.738255033557047
0.7816901408450705
0.7394366197183099
0.7163120567375887
0.6814814814814815
0.696969696969697
0.751937984496124
0.6771653543307087
0.7580645161290323
0.7096774193548387
0.6885245901639344
0.7377049180327868
0.7459016393442623
0.75
0.7413793103448276
0.6495726495726496
0.7017543859649122
0.6608695652173913
0.7130434782608696
0.6902654867256637
0.6388888888888888
0.6509433962264151
0.7075471698113207
0.6761904761904762
0.6981132075471699
0.69
0.6764705882352942
0.7227722772277227
0.6836734693877551
0.7171717171717171
0.6666666666666667
0.7282608695652174
0.6853932584269663
0.813953488372093
0.6951219512195121
0.7125
0.6923076923076923
0.7142857142857143
0.7051282051282051
0.7105263157894737
0.6842105263157895
0.8051948051948052
0.7236842105263157
0.6973684210526316
0.6363636363636364
0.6710526315789473
0.6533333333333333
0.6933333333333334
0.8133333333333334
0.64
0.6666666666666667
0.6842105263157895
0.6533333333333333
0.6351351351351351
0.64
0.7066666666666667
0.6799999999999999
0.7887323943661972
0.6712328767123288
0.6388888888888888
0.6621621621621622
0.7027027027027026
0.7297297297297297
0.8333333333333334
0.8108108108108107
0.6891891891891893
0.6527777777777778
0.6438356164383562
0.6712328767123288
0.7027027027027026
0.6216216216216216
0.6849315068493151
0.6944444444444444
0.7162162162162162
0.6986301369863014
0.6111111111111112
0.6944444444444444
0.704225352112676
0.676056338028169
0.6901408450704225
0.7142857142857143
0.8142857142857143
0.6567164179104478
0.6615384615384615
0.6716417910447761
0.7076923076923076
0.7846153846153846
0.6875
0.65625
0.6774193548387097
0.7
0.5833333333333333
0.65
0.6949152542372881
0.5689655172413793
0.6909090909090909
0.6964285714285714
0.6909090909090909
0.7818181818181819
0.8545454545454545
0.6666666666666667
0.6481481481481481
0.62
0.6666666666666667
0.8085106382978724
0.574468085106383
0.6818181818181819
0.6363636363636364
0.6363636363636364
0.6904761904761905
0.7674418604651163
0.7804878048780488
0.8
0.8
0.6842105263157895
0.868421052631579
0.7631578947368421
0.8421052631578947
0.7894736842105263
0.6216216216216216
0.7837837837837838
0.8648648648648649
0.7297297297297297
0.8378378378378378
0.7058823529411764
0.7428571428571429
0.6857142857142857
0.6285714285714286
0.6857142857142857
0.5428571428571429
0.6285714285714286
0.7142857142857143
0.6857142857142857
0.6285714285714286
0.6285714285714286
0.6857142857142857
0.6571428571428571
0.6571428571428571
0.696969696969697
0.6129032258064516
0.625
0.7419354838709677
0.5172413793103448
0.6071428571428572
0.6785714285714286
0.7037037037037037
0.8076923076923077
0.56
0.6538461538461539
0.6538461538461539
0.52
0.76
0.72
0.72
0.6666666666666667
0.72
0.7916666666666666
0.6666666666666667
0.7083333333333333
0.8333333333333334
0.6086956521739131
0.6086956521739131
0.7272727272727273
0.6666666666666667
0.5714285714285714
0.9
0.7
0.6842105263157895
0.736842105263158
0.6842105263157895
0.7894736842105263
0.7894736842105263
0.6842105263157895
0.736842105263158
0.6842105263157895
0.736842105263158
0.7894736842105263
0.736842105263158
0.6842105263157895
0.6842105263157895
0.5
0.736842105263158
0.736842105263158
0.6842105263157895
0.7222222222222222
0.7058823529411764
0.7333333333333334
0.7142857142857143
0.7142857142857143
0.7857142857142857
0.6923076923076923
0.7692307692307692
0.6923076923076923
0.6666666666666667
0.75
0.6666666666666667
0.7272727272727273
0.6666666666666667
0.6666666666666667
0.6666666666666667
0.5454545454545454
0.5454545454545454
0.7
0.6
0.6
0.7
0.6
0.8
0.5
0.6
0.7
0.0
0.7
0.6666666666666667
0.7777777777777778
0.5555555555555556
0.7777777777777778
0.7777777777777778
0.6666666666666667
0.7777777777777778
0.4444444444444444
0.75
0.75
0.75
0.875
0.75
0.875
0.75
0.625
0.625
0.75
0.75
0.75
0.625
0.625
0.625
0.7142857142857143
0.5714285714285714
0.7142857142857143
0.2857142857142857
0.7142857142857143
0.7142857142857143
0.7142857142857143
0.8571428571428572
0.5714285714285714
0.5714285714285714
0.5714285714285714
0.7142857142857143
0.8571428571428572
0.8571428571428572
0.7142857142857143
0.7142857142857143
0.33333333333333337
0.6666666666666667
0.6666666666666667
0.8333333333333334
0.5
0.6666666666666667
0.6666666666666667
0.8333333333333334
0.5
0.0
0.6666666666666667
0.8
0.8
0.8
0.0
0.6
0.8
0.0
0.6
0.6
0.6
0.6
0.8
0.6
0.75
0.75
0.75
0.75
0.75
0.5
0.75
0.5
0.25
0.75
0.5
0.75
0.75
0.75
0.5
0.75
0.75
0.75
0.5
0.75
0.75
0.75
0.0
0.75
0.5
0.5
0.75
0.75
0.75
0.0
0.6666666666666667
0.33333333333333337
0.0
0.6666666666666667
0.0
0.6666666666666667
0.0
0.0
0.6666666666666667
0.6666666666666667
0.0
0.6666666666666667
0.6666666666666667
0.0
0.33333333333333337
0.6666666666666667
0.6666666666666667
0.6666666666666667
0.6666666666666667
0.6666666666666667
0.6666666666666667
0.6666666666666667
0.6666666666666667
0.0
0.5
0.5
0.0
0.0
0.5
0.5
0.5
0.0
0.5
0.5
0.5
0.5
0.5
0.5
0.0
0.5
0.0
0.0
0.5
0.5
0.5
0.5
0.5
0.0
0.5
0.5
0.5
0.0
0.0
0.0
0.5
0.5
0.5
0.0
0.5
0.0
0.5
0.0
0.0
0.0
0.0
0.0
0.0
0.0
0.0
0.0
0.0
0.0
0.0
0.0
0.0
0.0
0.0
0.0
0.0
0.0
0.0
0.0
0.0
0.0
0.0
0.0
0.0
0.0
0.0
0.0
0.0
0.0
0.0
0.0
0.0
0.0
0.0
0.0
0.0
0.0
0.0
0.0
0.0
0.0
0.0
0.0
0.0
0.0
0.0
0.0
0.0
0.0
0.0
0.0
0.0
0.0
0.0
0.0
0.0
0.0
0.0
0.0
0.0
0.0
0.0
0.0
0.0
0.0
0.0
0.0
0.0
0.0
0.0
0.0
0.0
0.0
0.0
0.0
0.0
0.0
0.0
0.0
0.0
0.0
0.0
0.0
0.0
0.0
0.0
0.0
0.0
0.0
0.0
0.0
0.0
0.0
0.0
0.0
0.0
0.0
0.0
0.0
0.0
0.0
0.0
0.0
0.0
0.0
0.0
0.0
0.0
0.0
0.0
0.0
0.0
0.0
0.0
0.0
0.0
0.0
0.0
0.0
0.0
0.0
0.0
0.0
0.0
0.0
0.0
0.0
0.0
0.0
0.0
0.0
0.0
0.0
0.0
0.0
0.0
0.0
0.0
0.0
0.0
0.0
0.0
0.0
0.0
0.0
0.0
0.0
0.0
0.0
0.0
0.0
0.0
0.0
0.0
0.0
0.0
0.0
0.0
0.0
0.0
0.0
0.0
0.0
0.0
0.0
0.0
0.0
0.0
0.0
0.0
0.0
0.0
0.0
0.0
0.0
0.0
0.0
0.0
0.0
0.0
0.0
0.0
0.0
0.0
0.0
0.0
0.0
0.0
0.0
0.0
0.0
0.0
0.0
0.0
0.0
0.0
0.0
0.0
0.0
0.0
0.0
0.0
0.0
0.0
0.0
0.0
0.0
0.0
0.0
0.0
0.0
0.0
0.0
0.0
0.0
0.0
0.0
1.0
1.0
1.0
1.0
1.0
1.0
1.0
1.0
1.0
1.0
1.0
1.0
1.0
1.0
1.0
1.0
1.0
1.0
1.0
1.0
1.0
1.0
1.0
1.0
1.0
1.0
1.0
1.0
1.0
1.0
1.0
1.0
1.0
1.0
1.0
1.0
1.0
1.0
1.0
1.0
1.0
1.0
1.0
1.0
1.0
1.0
1.0
1.0
1.0
1.0
1.0
1.0
1.0
1.0
1.0
1.0
1.0
1.0
1.0
1.0
1.0
1.0
1.0
1.0
1.0
1.0
1.0
1.0
1.0
1.0
1.0
1.0
1.0
1.0
1.0
1.0
1.0
1.0
1.0
1.0
1.0
1.0
1.0
1.0
1.0
1.0
1.0
1.0
1.0
1.0
1.0
1.0
1.0
1.0
1.0
1.0
1.0
1.0
1.0
1.0
1.0
1.0
1.0
1.0
1.0
1.0
1.0
1.0
1.0
1.0
1.0
1.0
1.0
1.0
1.0
1.0
1.0
1.0
1.0
1.0
1.0
1.0
1.0
1.0
1.0
1.0
1.0
1.0
1.0
1.0
1.0
1.0
1.0
1.0
1.0
1.0
1.0
1.0
1.0
1.0
1.0
1.0
1.0
1.0
1.0
1.0
1.0
1.0
1.0
1.0
1.0
1.0
1.0
1.0
1.0
1.0
1.0
1.0
1.0
1.0
1.0
1.0
1.0
1.0
1.0
1.0
1.0
1.0
1.0
1.0
1.0
1.0
1.0
1.0
1.0
1.0
1.0
1.0
1.0
1.0
1.0
1.0
1.0
1.0
1.0
1.0
1.0
1.0
1.0
1.0
1.0
1.0
1.0
1.0
1.0
1.0
1.0
1.0
1.0
1.0
1.0
1.0
1.0
1.0
1.0
1.0
1.0
1.0
1.0
1.0
1.0
1.0
1.0
1.0
1.0
1.0
1.0
