0.019333758019355704
0.027412747464586086
0.019124035357305832
0.01832215662579192
0.006850916404875583
0.004334583021576862
0.0030000559293382138
0.0028307085557178584
0.0017022763299963017
0.0019162050601638754
0.0012682827550100054
0.0008859136001052712
0.0004888034367856727
0.000394836612985705
0.0008819991395303936
0.0006907342464412314
-5.560313316587613e-07
0.00039589183689067514
9.900570328997758e-05
0.00019842904789128997
0.000297555842449051
9.912432330739811e-05
9.900570328997758e-05
-1.58160023227381e-07
-8.896501306540183e-08
-1.2109126778346357e-07
9.936156334223919e-05
9.922317332191523e-05
-3.954000580684525e-08
-6.178125907319572e-08
-2.2241253266350458e-08
9.930225333352892e-05
-2.2241253266350458e-08
-3.954000580684525e-08
9.933437958824698e-05
-9.885001451711313e-09
9.940110334804603e-05
-9.885001451711313e-09
9.938380459550554e-05
-2.2241253266350458e-08
-9.885001451711313e-09
-9.885001451711313e-09
-2.471250362927828e-09
-2.471250362927828e-09
-2.471250362927828e-09
-2.471250362927828e-09
-9.885001451711313e-09
-2.471250362927828e-09
-2.471250362927828e-09
-2.471250362927828e-09
-2.471250362927828e-09
-9.885001451711313e-09
-9.885001451711313e-09
9.941345959986067e-05
-2.471250362927828e-09
-2.471250362927828e-09
-9.885001451711313e-09
-2.471250362927828e-09
-2.471250362927828e-09
-2.471250362927828e-09
0.0
0.0
0.0
0.0
0.0
