987
1447
645
1256
1103
885
462
332
270
719
177
109
130
127
373
93
75
138
68
69
101
50
70
349
123
76
43
301
99
92
46
52
42
47
62
79
36
98
33
51
30
142
27
58
50
60
75
437
86
47
138
39
36
37
50
37
52
31
41
39
46
31
28
49
63
44
42
47
27
33
42
41
129
30
67
26
39
26
26
40
30
41
26
30
58
28
30
40
38
32
32
31
37
27
39
67
37
40
30
25
26
30
53
70
25
37
25
58
62
36
24
26
24
36
36
34
37
24
26
35
27
25
29
23
38
37
23
24
35
59
35
26
25
34
25
25
23
23
23
36
23
23
23
35
37
24
25
24
23
46
33
26
35
23
24
23
23
23
23
23
24
