1.0
4.9523809523809526
1.6111111111111112
2.4210526315789473
1.0
1.0
2.6923076923076925
1.8333333333333333
1.0
1.0
1.0
2.0
4.884615384615385
2.0
5.679012345679013
2.875
1.0
0.6666666666666666
1.0
2.0
1.0
1.0
2.0
1.0
2.0
3.7142857142857144
0.0
2.0
3.9583333333333335
1.0
2.0
1.0
1.7777777777777777
3.0
1.0
1.0
1.0
1.9166666666666667
1.8636363636363635
1.0
1.7777777777777777
1.0
1.0
1.0
1.0
1.0
2.4
2.7142857142857144
2.0
2.0
1.0
2.0
1.0
1.0
1.0
1.0
2.0
3.0
2.0
2.0
1.0
2.0
1.0
3.0
1.0
2.0
3.0
2.0
1.0
1.0
2.5555555555555554
1.0
2.0
3.0
1.0
1.0
2.0
1.0
1.0
1.0
2.0
2.0
1.0
3.0
1.0
2.0
2.0
1.0
1.0
1.0
1.0
1.0
1.0
0.0
1.0
1.0
1.0
0.0
1.0
2.0
1.0
2.0
1.0
1.0
2.25
2.0
1.0
1.0
1.0
1.0
2.0
0.6666666666666666
1.0
2.0
1.0
0.75
0.0
1.0
2.0
1.0
1.0
1.0
1.0
1.0
1.0
1.0
2.0
1.0
2.0
2.0
2.0
1.0
1.0
1.0
1.0
2.0
1.0
1.0
1.0
1.0
2.0
0.0
