0.0
0.33239538239538235
0.10925925925925926
0.23959899749373434
0.0
0.0
0.13638583638583635
0.5555555555555555
0.0
0.0
0.0
1.0
0.11470943586328201
1.0
0.10265900080714895
0.22291666666666665
0.0
0.0
0.0
1.0
0.0
0.0
0.4166666666666667
0.0
1.0
0.08811143505021056
0.0
1.0
0.11831802456802458
0.0
1.0
0.0
0.42962962962962964
1.0
0.0
0.0
0.0
0.05555555555555555
0.15151515151515152
0.0
0.16666666666666666
0.0
0.0
0.0
0.0
0.0
0.20222222222222222
0.2476190476190476
1.0
0.0
0.0
1.0
0.0
0.0
0.0
0.0
1.0
1.0
1.0
1.0
0.0
1.0
0.0
1.0
0.0
1.0
1.0
1.0
0.0
0.0
0.5259259259259259
0.0
1.0
1.0
0.0
0.0
1.0
0.0
0.0
0.0
1.0
1.0
0.0
1.0
0.0
1.0
0.8333333333333333
0.0
0.0
0.0
0.0
0.0
0.0
0.0
0.0
0.0
0.0
0.0
0.0
1.0
0.0
1.0
0.0
0.0
0.5166666666666666
1.0
0.0
0.0
0.0
0.0
1.0
0.0
0.0
1.0
0.0
0.0
0.0
0.0
1.0
0.0
0.0
0.0
0.0
0.0
0.0
0.0
1.0
0.0
1.0
1.0
1.0
0.0
0.0
0.0
0.0
1.0
0.0
0.0
0.0
0.0
1.0
0.0
