1.0
1.0
0.8888888888888888
1.0
1.0
1.0
0.9743589743589743
1.0
1.0
1.0
1.0
1.0
1.0
1.0
1.0
1.0
1.0
0.6666666666666666
1.0
1.0
1.0
1.0
1.0
1.0
1.0
1.0
0.5
1.0
1.0
1.0
1.0
1.0
1.0
1.0
1.0
1.0
1.0
1.0
0.9545454545454546
1.0
1.0
0.5
1.0
1.0
1.0
1.0
0.9333333333333333
1.0
1.0
1.0
1.0
1.0
1.0
1.0
1.0
1.0
1.0
1.0
1.0
1.0
1.0
1.0
1.0
1.0
1.0
1.0
1.0
1.0
1.0
1.0
1.0
1.0
1.0
1.0
1.0
1.0
1.0
1.0
1.0
1.0
1.0
1.0
1.0
1.0
1.0
1.0
1.0
1.0
1.0
1.0
1.0
1.0
1.0
0.5
1.0
1.0
1.0
0.5
1.0
1.0
1.0
1.0
1.0
1.0
1.0
1.0
1.0
1.0
1.0
1.0
1.0
0.6666666666666666
1.0
1.0
1.0
0.75
0.3333333333333333
1.0
1.0
1.0
1.0
1.0
1.0
1.0
1.0
1.0
1.0
1.0
1.0
1.0
1.0
1.0
1.0
1.0
1.0
1.0
1.0
1.0
1.0
1.0
1.0
0.5
