0.0
0.3481624758220503
0.11320754716981132
0.19626168224299065
0.0
0.0
0.1588235294117647
0.5294117647058824
0.0
0.0
0.0
1.0
0.1046207497820401
1.0
0.09583736689254599
0.20588235294117646
0.0
0.0
0.0
1.0
0.0
0.0
0.47368421052631576
0.0
1.0
0.09545454545454546
0.0
1.0
0.13087248322147652
0.0
1.0
0.0
0.3
1.0
0.0
0.0
0.0
0.06521739130434782
0.16666666666666666
0.0
0.14285714285714285
0.0
0.0
0.0
0.0
0.0
0.24
0.30303030303030304
1.0
0.0
0.0
1.0
0.0
0.0
0.0
0.0
1.0
1.0
1.0
1.0
0.0
1.0
0.0
1.0
0.0
1.0
1.0
1.0
0.0
0.0
0.5
0.0
1.0
1.0
0.0
0.0
1.0
0.0
0.0
0.0
1.0
1.0
0.0
1.0
0.0
1.0
0.75
0.0
0.0
0.0
0.0
0.0
0.0
0.0
0.0
0.0
0.0
0.0
0.0
1.0
0.0
1.0
0.0
0.0
0.5454545454545454
1.0
0.0
0.0
0.0
0.0
1.0
0.0
0.0
1.0
0.0
0.0
0.0
0.0
1.0
0.0
0.0
0.0
0.0
0.0
0.0
0.0
1.0
0.0
1.0
1.0
1.0
0.0
0.0
0.0
0.0
1.0
0.0
0.0
0.0
0.0
1.0
0.0
