0.0
0.031864406779661035
-0.4497109826589603
-0.18197115384615292
0.0
0.0
-0.029748178212343546
-0.3968253968253968
0.0
0.0
0.0
0.0
-0.027609012201332002
0.0
-0.07003233207302535
-0.4155251141552486
0.0
0.0
0.0
0.0
0.0
0.0
-0.03846153846154131
0.0
0.0
0.041634211531118556
0.0
0.0
0.047169811320754165
0.0
0.0
0.0
-0.5151515151515149
0.0
0.0
0.0
0.0
-0.2459016393442603
0.092352092352093
0.0
-0.6500000000000001
0.0
-0.33333333333333337
0.0
0.0
0.0
-0.392572944297082
0.1461619348054687
0.0
-0.34126984126984145
0.0
0.0
0.0
0.0
0.0
0.0
0.0
0.0
0.0
0.0
0.0
0.0
0.0
0.0
0.0
0.0
0.0
0.0
0.0
0.0
-0.1494252873563199
0.0
0.0
0.0
0.0
0.0
0.0
0.0
0.0
0.0
0.0
0.0
0.0
0.0
0.0
0.0
-0.666666666666672
0.0
0.0
0.0
0.0
0.0
0.0
0.0
0.0
0.0
0.0
0.0
0.0
0.0
0.0
0.0
0.0
0.0
-0.4320987654320984
0.0
0.0
0.0
0.0
0.0
0.0
0.0
0.0
0.0
0.0
-1.0
0.0
0.0
0.0
0.0
0.0
0.0
0.0
0.0
0.0
0.0
0.0
0.0
0.0
0.0
0.0
0.0
0.0
0.0
0.0
0.0
0.0
0.0
0.0
0.0
0.0
0.0
