1.0
7.333333333333333
2.4444444444444446
3.473684210526316
1.0
1.0
4.256410256410256
2.6666666666666665
1.0
1.0
1.0
2.0
7.794871794871795
2.0
8.74074074074074
3.875
1.0
0.6666666666666666
1.0
2.0
1.0
1.0
3.0
1.0
2.0
5.346938775510204
0.0
2.0
6.208333333333333
1.0
2.0
1.0
2.6666666666666665
3.0
1.0
1.0
1.0
3.1666666666666665
3.090909090909091
1.0
2.4444444444444446
1.0
1.6
1.0
1.0
1.0
2.8
4.0
2.0
2.888888888888889
1.0
2.0
1.0
1.0
1.0
1.0
2.0
3.0
2.0
2.0
1.0
2.0
1.0
3.0
1.0
2.0
3.0
2.0
1.0
1.0
3.3333333333333335
1.0
2.0
3.0
1.0
1.0
2.0
1.0
1.0
1.0
2.0
2.0
1.0
3.0
1.0
2.0
2.5
1.0
1.0
1.0
1.0
1.0
1.0
0.0
1.0
1.0
1.0
0.0
1.0
2.0
1.0
2.0
1.0
1.0
3.0
2.0
1.0
1.0
1.0
1.0
2.0
0.6666666666666666
1.0
2.0
1.0
1.0
0.0
1.0
2.0
1.0
1.0
1.0
1.0
1.0
1.0
1.0
2.0
1.0
2.0
2.0
2.0
1.0
1.0
1.0
1.0
2.0
1.0
1.0
1.0
1.0
2.0
0.0
