0.9961089494163424
0.816884661117717
0.9560878243512974
0.9173967459324155
0.993103448275862
0.9906976744186047
0.8311291963377416
0.9525222551928784
0.9865771812080537
0.9872611464968153
0.9827586206896551
0.9562043795620438
0.6629711751662971
0.9562043795620438
0.6431451612903226
0.8480392156862745
0.975
0.9888888888888889
0.975609756097561
0.9516129032258065
0.9746835443037974
0.9714285714285714
0.898876404494382
0.975
0.9325842696629213
0.7876823338735819
1.0
0.9032258064516129
0.7563368765331153
0.9636363636363636
0.9166666666666666
0.9642857142857143
0.8904109589041096
0.8536585365853658
0.9487179487179487
0.9574468085106383
0.9523809523809523
0.8455284552845529
0.8329238329238329
0.9565217391304348
0.8842105263157894
0.9574468085106383
0.9139784946236559
0.9574468085106383
0.9459459459459459
0.9487179487179487
0.8576271186440678
0.7870722433460076
0.896551724137931
0.8115942028985508
0.9428571428571428
0.8666666666666667
0.9473684210526315
0.9354838709677419
0.9444444444444444
0.9333333333333333
0.8666666666666667
0.8441558441558441
0.8695652173913043
0.8947368421052632
0.9459459459459459
0.8695652173913043
0.9310344827586207
0.7931034482758621
0.9375
0.8536585365853658
0.7931034482758621
0.8636363636363636
0.9354838709677419
0.9285714285714286
0.7945205479452054
0.9310344827586207
0.8536585365853658
0.7966101694915254
0.9393939393939394
0.9285714285714286
0.8604651162790697
0.9310344827586207
0.9354838709677419
0.9259259259259259
0.8536585365853658
0.8695652173913043
0.9259259259259259
0.7777777777777778
0.9285714285714286
0.8775510204081632
0.8113207547169812
0.9375
0.9310344827586207
0.9230769230769231
0.92
0.9230769230769231
0.9285714285714286
1.0
0.9259259259259259
0.9230769230769231
0.9230769230769231
1.0
0.9259259259259259
0.8461538461538461
0.9230769230769231
0.8571428571428571
0.9259259259259259
0.9230769230769231
0.7798165137614679
0.8571428571428571
0.9230769230769231
0.9230769230769231
0.9230769230769231
0.9259259259259259
0.8571428571428571
0.9487179487179487
0.92
0.8461538461538461
0.9354838709677419
0.9259259259259259
1.0
0.9230769230769231
0.8461538461538461
0.92
0.9230769230769231
0.9259259259259259
0.9285714285714286
0.92
0.9259259259259259
0.92
0.8571428571428571
0.9230769230769231
0.8461538461538461
0.8461538461538461
0.8536585365853658
0.92
0.92
0.92
0.92
0.8461538461538461
0.92
0.92
0.92
0.92
0.8461538461538461
1.0
