0.5
3.6666666666666665
1.2222222222222223
1.736842105263158
0.5
0.5
2.128205128205128
1.3333333333333333
0.5
0.5
0.5
1.0
3.8974358974358974
1.0
4.37037037037037
1.9375
0.5
0.3333333333333333
0.5
1.0
0.5
0.5
1.5
0.5
1.0
2.673469387755102
0.0
1.0
3.1041666666666665
0.5
1.0
0.5
1.3333333333333333
1.5
0.5
0.5
0.5
1.5833333333333333
1.5454545454545454
0.5
1.2222222222222223
0.5
0.8
0.5
0.5
0.5
1.4
2.0
1.0
1.4444444444444444
0.5
1.0
0.5
0.5
0.5
0.5
1.0
1.5
1.0
1.0
0.5
1.0
0.5
1.5
0.5
1.0
1.5
1.0
0.5
0.5
1.6666666666666667
0.5
1.0
1.5
0.5
0.5
1.0
0.5
0.5
0.5
1.0
1.0
0.5
1.5
0.5
1.0
1.25
0.5
0.5
0.5
0.5
0.5
0.5
0.0
0.5
0.5
0.5
0.0
0.5
1.0
0.5
1.0
0.5
0.5
1.5
1.0
0.5
0.5
0.5
0.5
1.0
0.3333333333333333
0.5
1.0
0.5
0.5
0.0
0.5
1.0
0.5
0.5
0.5
0.5
0.5
0.5
0.5
1.0
0.5
1.0
1.0
1.0
0.5
0.5
0.5
0.5
1.0
0.5
0.5
0.5
0.5
1.0
0.0
