1.0
0.36666666666666664
0.1437908496732026
0.19298245614035087
1.0
1.0
0.11201079622132254
0.5333333333333333
1.0
1.0
1.0
1.0
0.10123210123210123
1.0
0.10925925925925926
0.25833333333333336
1.0
0.3333333333333333
1.0
1.0
1.0
1.0
0.6
1.0
1.0
0.11139455782312925
0.0
1.0
0.1320921985815603
1.0
1.0
1.0
0.3333333333333333
1.0
1.0
1.0
1.0
0.2878787878787879
0.1471861471861472
1.0
0.3055555555555556
0.3333333333333333
0.4
1.0
1.0
1.0
0.2
0.3076923076923077
1.0
0.3611111111111111
1.0
1.0
1.0
1.0
1.0
1.0
1.0
1.0
1.0
1.0
1.0
1.0
1.0
1.0
1.0
1.0
1.0
1.0
1.0
1.0
0.4166666666666667
1.0
1.0
1.0
1.0
1.0
1.0
1.0
1.0
1.0
1.0
1.0
1.0
1.0
1.0
1.0
0.8333333333333334
1.0
1.0
1.0
1.0
1.0
1.0
0.0
1.0
1.0
1.0
0.0
1.0
1.0
1.0
1.0
1.0
1.0
0.42857142857142855
1.0
1.0
1.0
1.0
1.0
1.0
0.3333333333333333
1.0
1.0
1.0
0.3333333333333333
0.0
1.0
1.0
1.0
1.0
1.0
1.0
1.0
1.0
1.0
1.0
1.0
1.0
1.0
1.0
1.0
1.0
1.0
1.0
1.0
1.0
1.0
1.0
1.0
1.0
0.0
