2
1
9
0
7
3
6
3
1
1
6
12
6
3
1
3
10
1
9
6
1
1
1
1
1
1
6
3
1
11
30
9
7
0
3
5
6
8
1
1
3
3
3
3
12
3
2
3
1
1
1
7
4
0
3
1
1
8
3
0
12
1
6
1
19
2
2
1
5
3
1
2
5
11
0
1
6
1
3
11
12
1
3
1
1
1
6
3
3
1
1
6
1
1
1
1
1
2
5
1
1
5
1
5
0
3
1
3
3
3
1
1
3
6
1
3
3
1
3
1
1
1
5
1
3
3
1
3
1
2
1
1
2
2
2
5
3
3
1
1
4
2
0
9
2
1
6
3
1
3
7
3
6
3
3
1
3
13
3
3
2
6
1
8
13
1
1
6
6
6
3
1
3
3
1
1
1
1
1
2
3
3
1
1
6
2
5
1
1
3
5
1
1
3
1
3
6
1
1
1
1
1
1
1
1
8
1
1
3
1
1
1
1
8
0
1
1
1
2
3
6
1
2
1
3
0
3
3
3
1
6
1
1
1
1
3
1
3
6
3
0
1
2
3
3
3
1
0
1
1
1
3
0
3
1
1
0
1
3
1
1
1
1
1
