0.9979838709677419
0.9821428571428571
0.9942196531791907
0.9938398357289527
0.9962825278810409
0.995049504950495
0.9966777408637874
0.9883268482490273
0.9927007299270073
0.993103448275862
0.9903846153846154
0.9821428571428571
0.9367088607594937
0.9819819819819819
0.9214285714285715
0.9565217391304348
0.9838709677419355
0.9583333333333334
0.9925925925925926
0.9743589743589743
0.9857142857142858
0.9772727272727273
0.9846153846153847
0.9827586206896551
0.9819819819819819
0.9852941176470589
0.9682539682539683
0.9
0.0
0.9375
0.9459459459459459
0.963855421686747
0.9473684210526316
0.8352941176470589
0.9743589743589743
0.8035714285714286
0.9574468085106383
0.9772727272727273
0.8205128205128205
0.9863013698630136
0.7741935483870968
0.8382352941176471
0.9245283018867925
0.925
0.962962962962963
0.9714285714285714
0.9078947368421053
0.88
0.8153846153846154
0.8333333333333334
0.9666666666666667
0.819672131147541
0.9344262295081968
0.8070175438596492
0.8923076923076922
0.9538461538461538
0.9705882352941176
0.9545454545454546
0.9166666666666666
0.9714285714285714
0.875
0.7592592592592593
0.7346938775510203
0.96875
0.9642857142857143
0.96
0.962962962962963
0.9302325581395349
0.7169811320754718
0.7317073170731707
0.8918918918918919
0.8163265306122449
0.9230769230769231
0.935483870967742
0.8412698412698413
0.935483870967742
0.9523809523809523
0.8974358974358975
0.7948717948717949
0.9038461538461539
0.9696969696969697
0.9
0.9387755102040817
0.9523809523809523
0.8787878787878788
0.9473684210526316
0.9523809523809523
0.9473684210526316
0.76
0.896551724137931
0.7441860465116279
0.7142857142857143
0.8666666666666667
0.9444444444444444
0.8529411764705882
0.8604651162790697
0.9
0.7727272727272727
0.8709677419354839
0.8367346938775511
0.8596491228070176
0.8125
0.6976744186046512
0.9583333333333334
0.9375
0.95
0.8545454545454545
0.8928571428571429
0.9166666666666666
0.9444444444444444
0.875
0.7037037037037037
0.8421052631578947
0.88
0.9
0.6857142857142857
0.825
0.9523809523809523
0.9411764705882353
0.8518518518518519
0.9375
0.9090909090909091
0.6875
0.8518518518518519
0.8695652173913043
0.9259259259259259
0.9090909090909091
0.7941176470588236
0.7142857142857143
0.92
0.8333333333333334
0.7931034482758621
0.9523809523809523
0.8947368421052632
0.696969696969697
0.9032258064516129
0.9411764705882353
0.9285714285714286
0.8484848484848485
0.8421052631578947
0.8076923076923077
0.7692307692307692
0.9473684210526316
0.875
0.6363636363636364
0.8333333333333334
0.7058823529411764
0.8695652173913043
0.8421052631578947
0.8888888888888888
0.7352941176470589
0.8571428571428572
0.7931034482758621
0.8421052631578947
0.5757575757575757
0.6551724137931034
0.8947368421052632
0.9444444444444444
0.8
0.7916666666666666
0.9166666666666666
0.6363636363636364
0.9333333333333333
0.7777777777777778
0.9411764705882353
0.7272727272727273
0.7894736842105263
0.9090909090909091
0.7878787878787878
0.782608695652174
0.9411764705882353
0.5862068965517242
0.8888888888888888
0.9230769230769231
0.6086956521739131
0.736842105263158
0.9
0.6666666666666667
0.6
0.7096774193548387
0.75
0.9333333333333333
0.8181818181818181
0.7777777777777778
0.8421052631578947
0.9411764705882353
0.8421052631578947
0.875
0.8235294117647058
0.9444444444444444
0.6785714285714286
0.8421052631578947
0.9523809523809523
0.9375
0.8823529411764706
0.8125
0.9411764705882353
0.9285714285714286
0.6129032258064516
0.8947368421052632
0.6818181818181819
0.9375
0.9473684210526316
0.9333333333333333
0.875
0.75
0.8947368421052632
0.6666666666666667
0.5238095238095238
0.8666666666666667
0.71875
0.75
0.9166666666666666
0.9
0.8333333333333334
0.9285714285714286
0.8125
0.8571428571428572
0.8076923076923077
0.8
0.9230769230769231
0.8
0.6666666666666667
0.5555555555555556
0.9375
0.7272727272727273
0.6486486486486487
0.0
0.9
0.6799999999999999
0.8333333333333334
0.8095238095238095
0.6923076923076923
0.8571428571428572
0.9473684210526316
0.875
0.5217391304347826
0.9411764705882353
0.38095238095238093
0.8571428571428572
0.6190476190476191
0.9285714285714286
0.9230769230769231
0.7307692307692308
0.8
0.6
0.7727272727272727
0.6666666666666667
0.5862068965517242
0.41666666666666663
0.0
0.7727272727272727
0.9285714285714286
0.9333333333333333
0.7857142857142857
0.7857142857142857
0.7619047619047619
0.0
0.6875
0.7333333333333334
0.8421052631578947
0.9333333333333333
0.7777777777777778
0.7333333333333334
0.9166666666666666
0.0
0.9333333333333333
0.7619047619047619
0.7857142857142857
0.9333333333333333
0.8461538461538461
0.6153846153846154
0.9285714285714286
0.7727272727272727
0.7857142857142857
0.6956521739130435
0.9230769230769231
0.7222222222222222
0.9285714285714286
0.5185185185185186
0.5909090909090908
0.7894736842105263
0.6521739130434783
0.55
0.0
0.8095238095238095
0.7916666666666666
0.4642857142857143
0.6875
0.9285714285714286
0.8125
0.72
0.9285714285714286
0.875
0.5333333333333333
0.8571428571428572
0.8
0.8666666666666667
0.9285714285714286
0.8823529411764706
0.4545454545454546
0.9333333333333333
0.7058823529411764
0.6470588235294117
0.5
0.9285714285714286
0.8333333333333334
0.38095238095238093
0.8235294117647058
0.7058823529411764
0.5555555555555556
0.8666666666666667
0.7142857142857143
0.9230769230769231
0.7777777777777778
0.875
0.9285714285714286
0.9285714285714286
0.6666666666666667
0.9285714285714286
0.5
0.7222222222222222
0.5
0.9285714285714286
0.5333333333333333
0.8461538461538461
0.8571428571428572
0.5555555555555556
0.9333333333333333
0.6842105263157895
0.8333333333333334
0.4545454545454546
0.7857142857142857
0.4736842105263158
0.8125
0.8571428571428572
0.7058823529411764
0.7333333333333334
0.9285714285714286
0.8823529411764706
0.9230769230769231
0.7
0.9285714285714286
0.9166666666666666
0.8125
0.0
0.0
0.75
0.9230769230769231
0.47058823529411764
0.6
0.7692307692307692
0.8571428571428572
0.9230769230769231
0.8461538461538461
0.9411764705882353
0.7857142857142857
0.5294117647058824
0.8
0.7857142857142857
0.8666666666666667
0.8571428571428572
0.9166666666666666
0.0
0.8461538461538461
0.7142857142857143
0.7058823529411764
0.8235294117647058
0.7692307692307692
0.9285714285714286
0.8666666666666667
0.6
0.9230769230769231
0.6666666666666667
0.0
0.9333333333333333
0.7857142857142857
0.0
0.5384615384615384
0.8
0.9166666666666666
0.625
0.5625
0.8571428571428572
0.8
0.7058823529411764
0.7857142857142857
0.9230769230769231
0.6666666666666667
0.8666666666666667
0.625
0.5333333333333333
0.8333333333333334
0.9230769230769231
0.4375
0.9285714285714286
0.6428571428571428
0.4736842105263158
0.7692307692307692
0.6470588235294117
0.5333333333333333
0.8
0.42105263157894735
0.9230769230769231
0.6923076923076923
0.6666666666666667
0.6
0.5333333333333333
0.4666666666666667
0.4375
0.4
0.5714285714285714
0.9285714285714286
0.6923076923076923
0.9285714285714286
0.5833333333333333
0.8461538461538461
0.9375
0.5714285714285714
0.9230769230769231
0.5
0.5555555555555556
0.75
0.5625
0.75
0.0
0.6428571428571428
0.9230769230769231
0.9166666666666666
0.9285714285714286
0.17647058823529416
0.8461538461538461
0.8571428571428572
0.5
0.7857142857142857
0.38888888888888884
0.8571428571428572
0.6153846153846154
0.9166666666666666
0.7142857142857143
0.8333333333333334
0.6875
0.9230769230769231
0.9230769230769231
0.7857142857142857
0.7692307692307692
0.5
0.9230769230769231
0.4736842105263158
0.5625
0.6153846153846154
0.8666666666666667
0.8461538461538461
0.9166666666666666
0.5714285714285714
0.5714285714285714
0.5333333333333333
0.8461538461538461
0.5333333333333333
0.9166666666666666
0.0
0.3846153846153846
0.8333333333333334
0.5714285714285714
0.9230769230769231
0.38888888888888884
0.8823529411764706
0.9166666666666666
0.7692307692307692
0.7692307692307692
0.46153846153846156
0.7692307692307692
0.5294117647058824
0.9166666666666666
0.8461538461538461
0.3846153846153846
0.9166666666666666
0.9230769230769231
0.9285714285714286
0.8571428571428572
0.46153846153846156
0.7692307692307692
0.6923076923076923
0.8333333333333334
0.5294117647058824
0.625
0.8461538461538461
0.7857142857142857
0.4285714285714286
0.75
0.8571428571428572
0.8333333333333334
0.6875
0.9166666666666666
0.8461538461538461
0.5833333333333333
0.7142857142857143
0.5833333333333333
0.7857142857142857
0.5384615384615384
0.6153846153846154
0.6666666666666667
0.46153846153846156
0.9166666666666666
0.0
0.6428571428571428
0.7333333333333334
0.8666666666666667
0.5625
0.3571428571428571
0.6923076923076923
0.5384615384615384
0.8571428571428572
0.6666666666666667
0.9166666666666666
0.8461538461538461
0.6923076923076923
0.9166666666666666
0.5
0.3571428571428571
0.6428571428571428
0.9166666666666666
0.9166666666666666
0.375
0.7333333333333334
0.5833333333333333
0.7142857142857143
0.9230769230769231
0.7692307692307692
0.9230769230769231
0.8333333333333334
0.8333333333333334
0.8461538461538461
0.4
0.8461538461538461
0.6153846153846154
0.625
0.8333333333333334
0.8461538461538461
0.5333333333333333
0.3846153846153846
0.5
0.7692307692307692
0.7857142857142857
0.8333333333333334
0.75
0.8461538461538461
0.6
0.9166666666666666
0.3571428571428571
0.8333333333333334
0.6428571428571428
0.7142857142857143
0.8461538461538461
0.6923076923076923
0.9166666666666666
0.8333333333333334
0.4285714285714286
0.4
0.6428571428571428
0.0
0.9166666666666666
0.6153846153846154
0.8461538461538461
0.7692307692307692
0.5384615384615384
0.9166666666666666
0.4285714285714286
0.7692307692307692
0.4
0.8461538461538461
0.3529411764705882
0.0
0.4
0.41666666666666663
0.9230769230769231
0.6666666666666667
0.8333333333333334
0.3846153846153846
0.41666666666666663
0.9166666666666666
0.9166666666666666
0.9166666666666666
0.6666666666666667
0.5
0.7692307692307692
0.8333333333333334
0.5714285714285714
0.5
0.2666666666666667
0.6153846153846154
0.5384615384615384
0.7692307692307692
0.0
0.6923076923076923
0.9230769230769231
0.7142857142857143
0.9166666666666666
0.8571428571428572
0.6666666666666667
0.6666666666666667
0.9166666666666666
0.8333333333333334
0.6153846153846154
0.7692307692307692
0.5384615384615384
0.9166666666666666
0.6428571428571428
0.9230769230769231
0.3571428571428571
0.9230769230769231
0.6666666666666667
0.8333333333333334
0.7857142857142857
0.8333333333333334
0.5384615384615384
0.8333333333333334
0.4285714285714286
0.46153846153846156
0.9166666666666666
0.5833333333333333
0.7692307692307692
0.9166666666666666
0.75
0.6923076923076923
0.9230769230769231
0.75
0.9166666666666666
0.8461538461538461
0.8333333333333334
0.6153846153846154
0.8333333333333334
0.8461538461538461
0.9166666666666666
0.7857142857142857
0.8333333333333334
0.75
0.9166666666666666
0.6428571428571428
0.9166666666666666
0.9166666666666666
0.7692307692307692
0.8461538461538461
0.6428571428571428
0.9230769230769231
0.6
0.8333333333333334
0.8461538461538461
0.6428571428571428
0.5384615384615384
0.75
0.5833333333333333
0.9166666666666666
0.6153846153846154
0.9166666666666666
0.9166666666666666
0.8461538461538461
0.6666666666666667
0.8571428571428572
0.8461538461538461
0.9166666666666666
0.6923076923076923
0.5
0.5833333333333333
0.5833333333333333
0.5
0.8333333333333334
0.46153846153846156
0.6428571428571428
0.5384615384615384
0.46153846153846156
0.6666666666666667
0.8333333333333334
0.6923076923076923
0.8461538461538461
0.5833333333333333
0.9166666666666666
0.8333333333333334
0.9166666666666666
0.9166666666666666
0.6428571428571428
0.7692307692307692
0.8461538461538461
0.6666666666666667
0.8461538461538461
0.5
0.9166666666666666
0.6153846153846154
0.75
0.6666666666666667
0.8333333333333334
0.6666666666666667
0.6923076923076923
0.6666666666666667
0.6666666666666667
0.9166666666666666
0.6666666666666667
0.8333333333333334
0.41666666666666663
0.33333333333333337
0.9166666666666666
0.75
0.5714285714285714
0.5833333333333333
0.8333333333333334
0.75
0.9166666666666666
0.9166666666666666
0.6923076923076923
0.8333333333333334
0.7692307692307692
0.6153846153846154
0.8333333333333334
0.5
0.8333333333333334
0.8461538461538461
0.6666666666666667
0.8333333333333334
0.9166666666666666
0.6666666666666667
0.8333333333333334
0.75
0.6666666666666667
0.46153846153846156
0.9166666666666666
0.5833333333333333
0.6153846153846154
0.9166666666666666
0.75
0.8333333333333334
0.9166666666666666
0.9166666666666666
0.46153846153846156
0.75
0.8333333333333334
0.8333333333333334
0.41666666666666663
0.8333333333333334
0.75
0.6666666666666667
0.9166666666666666
0.8333333333333334
0.6666666666666667
0.9166666666666666
0.41666666666666663
0.5833333333333333
0.3076923076923077
0.9166666666666666
0.75
0.9166666666666666
0.9166666666666666
0.5384615384615384
0.9166666666666666
0.5833333333333333
0.5
0.5
0.9166666666666666
0.6666666666666667
0.5833333333333333
0.0
0.5
0.5
0.9166666666666666
0.5833333333333333
0.75
0.6666666666666667
0.6666666666666667
0.9166666666666666
0.5833333333333333
0.16666666666666663
0.8333333333333334
0.75
0.75
0.9166666666666666
0.0
0.75
0.9166666666666666
0.8333333333333334
0.6923076923076923
0.9166666666666666
0.9166666666666666
0.6666666666666667
0.5833333333333333
0.41666666666666663
0.8333333333333334
0.9166666666666666
0.9166666666666666
1.0
1.0
1.0
1.0
1.0
1.0
1.0
1.0
1.0
1.0
1.0
1.0
1.0
1.0
1.0
1.0
1.0
1.0
1.0
1.0
1.0
1.0
1.0
1.0
1.0
1.0
1.0
1.0
1.0
1.0
1.0
1.0
1.0
1.0
1.0
1.0
1.0
1.0
1.0
1.0
1.0
1.0
1.0
1.0
1.0
1.0
1.0
1.0
1.0
1.0
1.0
1.0
1.0
1.0
1.0
1.0
1.0
1.0
1.0
1.0
1.0
1.0
1.0
1.0
1.0
1.0
1.0
1.0
1.0
1.0
1.0
1.0
1.0
1.0
1.0
1.0
1.0
1.0
1.0
1.0
1.0
1.0
1.0
1.0
1.0
1.0
1.0
1.0
1.0
1.0
1.0
1.0
1.0
1.0
1.0
1.0
1.0
1.0
1.0
1.0
1.0
1.0
1.0
1.0
1.0
1.0
1.0
1.0
1.0
1.0
1.0
1.0
1.0
1.0
1.0
1.0
1.0
1.0
1.0
