-0.00047424936252062424
0.005615958299220509
-0.00011615268524100284
0.0016874175116810995
-8.781187635414911e-05
-6.542332396730535e-06
0.005616061294286118
0.0004974640211628768
4.500669794077502e-05
3.975394959469553e-05
6.37711114564879e-05
0.00023765896816316094
0.02118069492075371
0.00023765896816316094
0.024349853089555
0.0025147790194519574
7.891138610106994e-05
2.312239222931069e-05
7.821616940820648e-05
0.0002449394318634255
7.925255725590108e-05
8.212998190136375e-05
0.0007658112274165724
7.891138610106994e-05
0.0002609358529908857
0.008868948014236253
-4.154134312912536e-06
0.0002696839963760843
0.010594533780647768
8.615322665173101e-05
0.00026680871746115515
8.591505056250926e-05
0.001008817356069288
0.0005414364769864907
8.938040537415892e-05
8.790414276709084e-05
8.885899285451133e-05
0.001630386139830427
0.0027944599743837542
8.810369570670905e-05
0.0009416238044118212
0.00016632844803704966
0.0003520178226781333
8.790414276709084e-05
8.970655641525537e-05
8.938040537415892e-05
0.001758793092148415
0.00244561568716471
0.00027071394703217827
0.0011635095074230088
9.001554161208356e-05
0.0002735870802165739
8.954562662524068e-05
9.058201447293528e-05
8.9863194744203e-05
9.071290403548056e-05
0.0002735870802165739
0.0005431423327606464
0.00027339181873802274
0.0002709607060435341
8.970655641525537e-05
0.00027339181873802274
9.083950213695878e-05
0.0005486461315791488
9.044683344932294e-05
0.0002743252115201079
0.0005486461315791488
0.000273778050234058
9.058201447293528e-05
9.096180877736994e-05
0.0013439225306821443
9.083950213695878e-05
0.0002743252115201079
0.0005483950811067259
9.030736096464354e-05
9.096180877736994e-05
0.00027396472879047504
9.083950213695878e-05
9.058201447293528e-05
9.107982395671406e-05
0.0002743252115201079
0.00027339181873802274
9.107982395671406e-05
0.0005496074188581699
9.096180877736994e-05
0.0002727802855359669
0.0004571929505096007
9.044683344932294e-05
9.083950213695878e-05
9.11935476749911e-05
9.130297993220109e-05
9.11935476749911e-05
9.096180877736994e-05
-1.5642375589427884e-06
9.107982395671406e-05
9.11935476749911e-05
9.11935476749911e-05
-1.450513840665741e-06
9.107982395671406e-05
0.00027466852840547264
9.11935476749911e-05
0.000274147115885825
9.107982395671406e-05
9.11935476749911e-05
0.0010862353137190217
0.000274147115885825
9.11935476749911e-05
9.11935476749911e-05
9.11935476749911e-05
9.107982395671406e-05
0.000274147115885825
8.938040537415892e-05
9.130297993220109e-05
0.00027466852840547264
9.058201447293528e-05
0.00017903117279554254
-2.7808667714538464e-06
9.11935476749911e-05
0.00027466852840547264
9.130297993220109e-05
9.11935476749911e-05
9.107982395671406e-05
9.096180877736994e-05
9.130297993220109e-05
9.107982395671406e-05
9.130297993220109e-05
0.000274147115885825
9.11935476749911e-05
0.00027466852840547264
0.00027466852840547264
0.0002743252115201079
9.130297993220109e-05
9.130297993220109e-05
9.130297993220109e-05
9.130297993220109e-05
0.00027466852840547264
9.130297993220109e-05
9.130297993220109e-05
9.130297993220109e-05
9.130297993220109e-05
0.00027466852840547264
-1.2359407873128204e-06
