496
504
519
487
312
269
202
301
257
137
145
185
104
112
158
111
140
138
62
120
135
117
70
88
65
58
111
68
63
80
32
64
37
83
61
76
85
39
39
56
47
44
78
73
62
68
53
40
39
27
35
37
76
75
65
54
30
34
61
61
57
65
65
19
34
44
48
35
48
54
49
32
28
25
18
27
43
53
41
37
18
49
39
23
31
63
31
21
39
39
52
33
29
20
49
21
33
19
21
19
50
29
43
42
45
18
34
43
20
44
31
49
57
32
26
43
16
20
24
32
20
55
28
24
18
32
27
24
38
25
20
35
40
21
34
27
16
33
32
27
23
27
22
34
35
25
36
29
21
17
19
33
31
17
28
33
19
26
26
19
16
33
24
34
17
23
19
27
34
14
29
19
33
29
19
18
14
19
35
24
24
22
15
20
27
17
22
38
22
33
14
23
17
29
18
13
15
23
17
38
20
33
12
22
25
31
16
15
15
33
18
19
17
19
16
17
18
28
18
19
21
16
17
16
17
14
17
31
19
16
22
16
19
15
16
16
19
33
21
15
32
16
12
14
18
20
18
17
14
16
14
26
17
15
13
15
18
18
16
33
37
17
20
12
25
18
21
26
14
19
16
23
16
17
21
14
21
14
13
26
20
20
22
27
29
24
13
14
22
14
15
14
14
21
14
16
15
19
15
18
15
12
15
15
14
21
14
15
13
26
15
15
14
22
14
23
13
18
14
13
13
27
22
14
19
23
20
13
21
12
24
28
16
14
16
14
25
14
16
15
14
15
15
14
17
22
15
17
17
16
15
14
18
21
17
17
18
13
15
14
15
13
13
18
16
14
14
15
14
16
18
20
13
14
15
13
14
18
14
15
19
12
14
15
22
14
19
16
14
13
17
15
12
14
17
13
20
14
12
16
13
13
13
16
13
17
15
14
13
14
13
13
13
17
14
17
12
15
14
15
14
14
12
12
13
21
13
17
17
13
14
15
20
13
15
12
15
14
13
13
13
15
12
13
16
16
14
15
17
12
14
13
15
15
16
15
12
13
16
14
12
14
19
13
17
15
15
19
13
13
15
20
15
15
16
12
15
14
14
13
14
12
13
16
14
13
16
18
12
16
12
12
12
14
13
12
14
17
13
14
14
14
18
14
13
12
14
12
12
12
16
13
12
12
13
14
13
14
14
13
19
16
13
15
13
12
14
14
15
13
13
15
12
12
12
13
12
14
13
18
17
12
12
13
13
13
13
13
17
12
13
13
12
13
14
14
13
13
13
12
17
16
13
12
14
12
14
12
14
12
16
12
13
12
14
12
14
12
13
13
15
13
13
12
12
14
15
15
16
14
13
13
14
15
12
13
13
12
12
14
14
12
12
16
15
12
14
12
12
13
12
13
13
12
12
12
13
15
13
13
12
12
16
12
13
15
13
14
13
14
12
12
13
15
12
14
12
14
14
13
13
12
12
12
14
15
14
12
12
13
13
13
13
12
14
13
15
13
12
17
12
15
12
13
12
12
13
14
12
12
12
12
12
14
13
12
14
14
15
12
13
13
13
12
13
13
12
14
12
14
12
12
12
12
13
13
13
12
14
13
14
13
12
12
14
12
13
12
12
14
13
12
12
13
12
12
12
13
13
12
12
13
12
13
12
13
12
14
12
12
12
14
12
12
13
13
14
13
12
12
15
12
13
14
13
12
12
12
13
12
12
13
12
14
13
12
13
12
12
12
12
12
12
12
12
13
14
13
13
12
13
13
12
12
12
13
13
12
12
12
12
12
12
12
14
13
13
12
12
13
14
12
13
12
12
12
12
13
12
12
12
12
12
12
12
12
12
12
12
14
12
12
12
12
12
13
12
13
13
12
12
12
13
12
12
12
12
12
12
12
13
12
12
12
13
12
12
12
12
12
12
13
12
12
12
12
12
12
12
12
12
12
12
12
12
12
12
12
13
12
12
12
12
12
13
12
12
12
12
12
12
12
12
12
12
12
12
12
12
12
12
12
12
12
12
12
12
12
12
12
12
12
12
12
12
13
12
12
12
12
12
12
12
12
12
12
