0.03834310850439883
0.03839660449998422
0.03795537899584142
0.039935440802426884
0.06630802209580344
0.07853853409532265
0.10585685434215063
0.056522702104097454
0.06809338521400778
0.15446543580936023
0.14645593869731802
0.0845475910693302
0.19566840926064227
0.18484555984555984
0.08554382004353786
0.12465192465192465
0.09835560123329908
0.08441764519200254
0.27181385510312006
0.09985994397759104
0.09032614704256495
0.09151193633952255
0.2894409937888199
0.1781609195402299
0.3110576923076923
0.34361766485178463
0.09582309582309582
0.2151009657594381
0.31490015360983103
0.10474683544303798
0.3649193548387097
0.13690476190476192
0.25825825825825827
0.10549515133705555
0.3284153005464481
0.11052631578947368
0.11064425770308123
0.4885290148448043
0.48582995951417
0.13766233766233765
0.3385753931544866
0.43868921775898523
0.0969030969030969
0.10996955859969558
0.11422527763088314
0.11589113257243196
0.12336719883889695
0.47692307692307695
0.44804318488529016
0.603988603988604
0.5277310924369748
0.5015015015015015
0.09473684210526316
0.08684684684684685
0.10240384615384615
0.12159329140461216
0.5977011494252874
0.5454545454545454
0.11366120218579236
0.11147540983606558
0.10275689223057644
0.08221153846153846
0.09663461538461539
0.8245614035087719
0.5454545454545454
0.18816067653276955
0.12411347517730496
0.37478991596638656
0.13652482269503546
0.1264849755415793
0.12244897959183673
0.32661290322580644
0.6402116402116402
0.67
0.7908496732026143
0.6410256410256411
0.13067552602436322
0.08925979680696662
0.13902439024390245
0.13663663663663664
0.803921568627451
0.12244897959183673
0.14979757085020243
0.7312252964426877
0.5548387096774193
0.0855094726062468
0.2731182795698925
0.7857142857142857
0.1417004048582996
0.21322537112010798
0.07993966817496229
0.26704545454545453
0.6157635467980296
0.7947368421052632
0.10204081632653061
0.7714285714285715
0.16856060606060605
0.7134502923976608
0.7857142857142857
0.8304093567251462
0.08979591836734693
0.21674876847290642
0.10963455149501661
0.10569105691056911
0.09191919191919191
0.8300653594771242
0.16399286987522282
0.09745293466223699
0.8
0.10782241014799154
0.14623655913978495
0.09183673469387756
0.08020050125313283
0.1935483870967742
0.19076923076923077
0.10963455149501661
0.9083333333333333
0.8105263157894737
0.4927536231884058
0.17943548387096775
0.5210526315789473
0.08484848484848485
0.626984126984127
0.41304347826086957
0.8300653594771242
0.14919354838709678
0.14814814814814814
0.717391304347826
0.08677098150782361
0.23333333333333334
0.8052631578947368
0.11596638655462185
0.10384615384615385
0.7666666666666667
0.10695187165775401
0.1396011396011396
0.9083333333333333
0.12310606060606061
0.11895161290322581
0.25071225071225073
0.7312252964426877
0.1111111111111111
0.6190476190476191
0.12299465240641712
0.12941176470588237
0.67
0.0873015873015873
0.0960591133004926
0.7238095238095238
0.8602941176470589
0.8245614035087719
0.0946969696969697
0.0989247311827957
0.6397058823529411
0.2222222222222222
0.11363636363636363
0.8128654970760234
0.1723076923076923
0.09230769230769231
0.8070175438596491
0.9166666666666666
0.11742424242424243
0.1956521739130435
0.10695187165775401
0.8897058823529411
0.2845849802371542
0.672514619883041
0.14245014245014245
0.1051693404634581
0.7252747252747253
0.12561576354679804
0.23976608187134502
0.10606060606060606
0.13793103448275862
0.8362573099415205
0.8627450980392157
0.9010989010989011
0.8128654970760234
0.09747899159663866
0.17753623188405798
0.14492753623188406
0.1341991341991342
0.9238095238095239
0.7947368421052632
0.1111111111111111
0.5588235294117647
0.21212121212121213
0.08677098150782361
0.24675324675324675
0.11174242424242424
0.8791208791208791
0.38735177865612647
0.8897058823529411
0.0960591133004926
0.20915032679738563
0.9615384615384616
0.9238095238095239
0.391304347826087
0.875
0.09388335704125178
0.7894736842105263
0.13257575757575757
1.0
0.7532467532467533
0.13333333333333333
0.11397849462365592
0.25833333333333336
0.4095238095238095
0.8952380952380953
0.0928030303030303
0.20915032679738563
0.17543859649122806
0.8823529411764706
0.4444444444444444
0.6666666666666666
0.875
0.803921568627451
0.15079365079365079
0.8496732026143791
0.49707602339181284
0.5380952380952381
0.875
0.875
0.9166666666666666
0.8602941176470589
0.24175824175824176
0.8529411764705882
0.08602150537634409
0.19298245614035087
0.9083333333333333
0.11688311688311688
0.8
0.8362573099415205
0.9428571428571428
0.9
0.24166666666666667
0.8245614035087719
0.10984848484848485
0.3904761904761905
0.9428571428571428
0.08064516129032258
0.30833333333333335
1.0
0.967032967032967
0.7973856209150327
0.4052631578947368
0.1830065359477124
0.8529411764705882
0.9120879120879121
0.9083333333333333
0.7802197802197802
0.10153846153846154
0.8529411764705882
0.8380952380952381
0.9230769230769231
0.4857142857142857
0.1503267973856209
0.43137254901960786
0.85
0.10227272727272728
0.07507507507507508
0.11764705882352941
0.8
1.0
0.11333333333333333
0.24183006535947713
0.3904761904761905
0.08923076923076922
0.9010989010989011
0.8187134502923976
0.24166666666666667
0.1225296442687747
0.9083333333333333
0.8897058823529411
0.1523809523809524
0.967032967032967
0.15714285714285714
0.9340659340659341
0.8974358974358975
0.12
0.12105263157894737
0.4105263157894737
0.14285714285714285
0.08547008547008547
0.08620689655172414
0.10869565217391304
0.9487179487179487
0.32967032967032966
0.1471861471861472
0.967032967032967
0.9333333333333333
0.9230769230769231
0.945054945054945
0.12857142857142856
0.6923076923076923
0.45
0.2857142857142857
0.22807017543859648
0.9428571428571428
0.20261437908496732
0.2761904761904762
0.7272727272727273
0.13333333333333333
0.6666666666666666
0.967032967032967
0.1380952380952381
0.967032967032967
0.9428571428571428
0.9743589743589743
0.1076923076923077
0.9047619047619048
0.9333333333333333
0.8791208791208791
0.12987012987012986
0.8681318681318682
0.11067193675889328
0.9615384615384616
0.1111111111111111
0.9560439560439561
0.9871794871794872
0.9871794871794872
0.1111111111111111
0.1471861471861472
0.9230769230769231
0.19883040935672514
0.1383399209486166
0.12105263157894737
0.7051282051282052
0.10952380952380952
0.9848484848484849
0.13405797101449277
0.082010582010582
0.2
0.43956043956043955
0.24166666666666667
0.9340659340659341
0.11333333333333333
0.9560439560439561
0.13333333333333333
0.20952380952380953
0.967032967032967
0.5142857142857142
0.8857142857142857
0.8791208791208791
0.875
0.10822510822510822
0.9142857142857143
0.11029411764705882
0.5
0.2
0.9238095238095239
0.945054945054945
0.3333333333333333
0.10952380952380952
0.14705882352941177
0.5514705882352942
0.5032679738562091
0.9102564102564102
0.9428571428571428
0.2857142857142857
0.9047619047619048
0.9615384615384616
0.2948717948717949
0.0915032679738562
0.9166666666666666
0.9340659340659341
0.967032967032967
0.20952380952380953
0.967032967032967
0.125
0.24836601307189543
0.09473684210526316
0.9871794871794872
0.945054945054945
0.18095238095238095
0.9230769230769231
0.945054945054945
0.1111111111111111
0.9560439560439561
0.9333333333333333
0.14619883040935672
0.8636363636363636
0.945054945054945
0.9428571428571428
0.11688311688311688
0.15384615384615385
0.11695906432748537
0.25
0.6043956043956044
0.9871794871794872
0.125
0.08571428571428572
0.9242424242424242
0.9120879120879121
0.8823529411764706
0.5641025641025641
0.15789473684210525
0.7142857142857143
1.0
0.18333333333333332
0.6794871794871795
0.9871794871794872
0.7051282051282052
0.18333333333333332
0.9871794871794872
0.14705882352941177
0.5047619047619047
0.9560439560439561
0.28205128205128205
0.9120879120879121
0.358974358974359
0.9871794871794872
0.9871794871794872
0.8823529411764706
0.27472527472527475
0.13970588235294118
0.8636363636363636
0.22857142857142856
0.26373626373626374
0.4380952380952381
0.9560439560439561
0.967032967032967
0.9242424242424242
0.6212121212121212
0.3974358974358974
0.06666666666666667
0.9871794871794872
0.3088235294117647
0.22058823529411764
0.8589743589743589
0.9560439560439561
0.18095238095238095
0.07894736842105263
0.9871794871794872
0.12380952380952381
0.8333333333333334
0.5142857142857142
0.6813186813186813
0.6410256410256411
0.9743589743589743
0.23076923076923078
0.1619047619047619
0.24242424242424243
0.9615384615384616
0.11666666666666667
0.1
0.9560439560439561
0.3047619047619048
0.11029411764705882
0.9090909090909091
0.9560439560439561
0.9871794871794872
0.1619047619047619
0.9047619047619048
0.16666666666666666
0.1619047619047619
0.9848484848484849
0.9871794871794872
0.15833333333333333
0.9120879120879121
0.9848484848484849
0.16483516483516483
0.10526315789473684
0.3974358974358974
0.13970588235294118
0.1523809523809524
0.4380952380952381
0.10526315789473684
0.9743589743589743
0.2692307692307692
0.11428571428571428
0.08947368421052632
0.18095238095238095
0.08571428571428572
0.16666666666666666
0.696969696969697
0.1619047619047619
0.24175824175824176
0.945054945054945
0.5
0.9340659340659341
0.18181818181818182
0.21794871794871795
0.9
0.2087912087912088
0.9871794871794872
0.14166666666666666
0.1568627450980392
0.3333333333333333
0.13333333333333333
1.0
1.0
0.696969696969697
0.23076923076923078
0.9871794871794872
0.9545454545454546
0.945054945054945
0.07352941176470588
0.8717948717948718
0.967032967032967
0.17582417582417584
0.4065934065934066
0.43137254901960786
0.967032967032967
0.16666666666666666
0.9848484848484849
0.18681318681318682
0.9848484848484849
0.9242424242424242
0.2727272727272727
0.13333333333333333
0.9743589743589743
1.0
1.0
0.9615384615384616
0.5714285714285714
0.782051282051282
0.945054945054945
0.14285714285714285
0.32051282051282054
0.06432748538011696
0.06666666666666667
0.19230769230769232
0.21904761904761905
0.9487179487179487
0.48484848484848486
0.12087912087912088
0.15384615384615385
0.19047619047619047
0.9615384615384616
0.4358974358974359
0.18095238095238095
0.9848484848484849
0.5
1.0
0.19230769230769232
0.4696969696969697
0.08791208791208792
0.9871794871794872
0.16993464052287582
0.875
1.0
1.0
0.6410256410256411
0.9487179487179487
0.1794871794871795
0.15384615384615385
0.2948717948717949
0.11764705882352941
0.9545454545454546
0.9871794871794872
0.14102564102564102
1.0
0.9615384615384616
0.967032967032967
0.8681318681318682
0.14102564102564102
0.2948717948717949
0.1794871794871795
1.0
0.08088235294117647
0.11666666666666667
0.9871794871794872
0.9545454545454546
0.13186813186813187
0.8939393939393939
0.25274725274725274
0.7878787878787878
0.9560439560439561
0.6515151515151515
0.14166666666666666
1.0
0.6538461538461539
0.21212121212121213
0.46153846153846156
0.18181818181818182
0.5934065934065934
1.0
0.15384615384615385
0.3717948717948718
0.45714285714285713
0.21794871794871795
0.9871794871794872
0.2878787878787879
0.4696969696969697
0.13186813186813187
0.08571428571428572
0.9238095238095239
0.13333333333333333
0.0989010989010989
0.2948717948717949
0.10256410256410256
0.945054945054945
0.18095238095238095
1.0
0.9615384615384616
0.19230769230769232
0.19696969696969696
0.21212121212121213
0.16483516483516483
0.12087912087912088
0.9848484848484849
1.0
0.175
0.2
0.3484848484848485
0.17582417582417584
0.9848484848484849
1.0
0.9615384615384616
0.9696969696969697
0.358974358974359
0.9743589743589743
1.0
0.9696969696969697
0.24242424242424243
0.9743589743589743
0.0761904761904762
0.44871794871794873
0.21794871794871795
0.9696969696969697
0.9848484848484849
0.175
1.0
0.9871794871794872
0.10476190476190476
0.14102564102564102
0.4835164835164835
0.28205128205128205
0.23076923076923078
1.0
0.2878787878787879
0.23076923076923078
0.5238095238095238
0.3484848484848485
0.12087912087912088
0.7424242424242424
0.14285714285714285
0.5274725274725275
0.9871794871794872
0.5897435897435898
1.0
0.9848484848484849
1.0
0.16483516483516483
0.08571428571428572
0.2087912087912088
0.9696969696969697
1.0
0.15384615384615385
0.5128205128205128
0.28205128205128205
0.10256410256410256
1.0
0.0989010989010989
0.2948717948717949
0.12380952380952381
0.9871794871794872
1.0
0.15441176470588236
0.5303030303030303
0.4
0.16666666666666666
0.9615384615384616
0.12121212121212122
1.0
0.16666666666666666
0.9560439560439561
0.19696969696969696
0.3484848484848485
0.8181818181818182
0.7575757575757576
0.18181818181818182
0.15384615384615385
0.20512820512820512
0.9242424242424242
0.13186813186813187
0.4945054945054945
0.18095238095238095
1.0
0.16666666666666666
0.15384615384615385
0.4230769230769231
0.21212121212121213
0.5512820512820513
0.9358974358974359
0.9696969696969697
0.18681318681318682
0.9242424242424242
0.9010989010989011
0.16666666666666666
0.3484848484848485
0.3181818181818182
1.0
0.19230769230769232
0.2692307692307692
0.1794871794871795
1.0
0.5934065934065934
0.9871794871794872
0.12087912087912088
0.9615384615384616
0.2878787878787879
1.0
0.3516483516483517
1.0
0.2692307692307692
0.9848484848484849
0.2727272727272727
0.0989010989010989
0.46153846153846156
1.0
0.21212121212121213
0.16666666666666666
0.36363636363636365
0.9545454545454546
0.9393939393939394
0.28205128205128205
0.9871794871794872
0.9848484848484849
1.0
0.8846153846153846
1.0
0.1794871794871795
0.8939393939393939
0.6923076923076923
1.0
0.9560439560439561
0.30303030303030304
0.10606060606060606
0.9696969696969697
0.16483516483516483
0.9696969696969697
0.2878787878787879
0.5128205128205128
0.8974358974358975
0.2087912087912088
0.9615384615384616
0.9242424242424242
1.0
0.23809523809523808
1.0
0.9871794871794872
0.14285714285714285
0.20512820512820512
0.4393939393939394
0.21212121212121213
0.7878787878787878
0.15384615384615385
1.0
0.9848484848484849
0.3076923076923077
0.16666666666666666
0.9560439560439561
0.9102564102564102
1.0
0.48717948717948717
1.0
0.12121212121212122
1.0
0.18181818181818182
0.15151515151515152
0.15151515151515152
0.5454545454545454
1.0
0.15384615384615385
0.2087912087912088
0.1282051282051282
0.5128205128205128
0.5757575757575758
0.9871794871794872
0.9871794871794872
0.3181818181818182
0.8636363636363636
1.0
0.14102564102564102
0.9615384615384616
1.0
0.9848484848484849
0.2727272727272727
1.0
1.0
1.0
1.0
0.1978021978021978
0.9743589743589743
0.9743589743589743
1.0
0.18181818181818182
0.9871794871794872
0.16483516483516483
0.4696969696969697
0.14102564102564102
0.5454545454545454
0.5151515151515151
0.8636363636363636
0.6060606060606061
0.23076923076923078
0.22727272727272727
0.25757575757575757
0.5
0.12121212121212122
0.9696969696969697
0.4393939393939394
0.13636363636363635
0.8787878787878788
1.0
0.9848484848484849
0.9848484848484849
0.16483516483516483
0.18181818181818182
0.2727272727272727
0.9090909090909091
0.9545454545454546
0.8787878787878788
0.1794871794871795
1.0
0.34615384615384615
0.24358974358974358
1.0
0.12121212121212122
1.0
0.3717948717948718
0.24242424242424243
0.9696969696969697
1.0
0.16666666666666666
0.9696969696969697
0.30303030303030304
0.2878787878787879
0.15384615384615385
1.0
1.0
0.21212121212121213
0.3076923076923077
1.0
0.12121212121212122
0.5
1.0
0.7272727272727273
1.0
0.15384615384615385
0.22727272727272727
0.3939393939393939
0.9696969696969697
0.15151515151515152
0.9242424242424242
1.0
0.22727272727272727
0.3333333333333333
0.8787878787878788
1.0
0.9393939393939394
0.36363636363636365
0.9848484848484849
1.0
0.36363636363636365
0.15151515151515152
0.0641025641025641
0.9393939393939394
0.9090909090909091
0.21212121212121213
0.9848484848484849
0.9696969696969697
0.11538461538461539
0.9545454545454546
0.36363636363636365
0.22727272727272727
0.16666666666666666
1.0
0.9545454545454546
0.30303030303030304
0.09090909090909091
0.6363636363636364
0.9696969696969697
0.2727272727272727
0.21212121212121213
0.6818181818181818
0.030303030303030304
0.13636363636363635
0.16666666666666666
0.9242424242424242
0.15151515151515152
1.0
0.19696969696969696
0.9848484848484849
0.10606060606060606
0.9242424242424242
0.9848484848484849
0.2727272727272727
1.0
0.5
0.3181818181818182
0.9090909090909091
0.696969696969697
0.1282051282051282
0.9696969696969697
0.9393939393939394
0.16666666666666666
0.10606060606060606
0.22727272727272727
1.0
0.9696969696969697
1.0
0.9848484848484849
0.9696969696969697
