0.020719900345313878
0.021028593701436372
0.021637619302142398
0.020338467779998756
0.012887239177767174
0.011214160933118318
0.008428592514502066
0.012404846774728818
0.01059811422662321
0.005732337290463819
0.006117038526402385
0.0076331068224563155
0.0044066284173694
0.004760707653300029
0.006546313568015494
0.004575193709509968
0.005768440850728178
0.005775805165455297
0.0026711104212008055
0.005003420122691597
0.005579072677094382
0.0048948997195066195
0.0030158844922134444
0.003747266210550924
0.0027987315782508995
0.0025080091701823745
0.004656808574809053
0.0029020686209613516
0.002717611664310744
0.003333509102743481
0.0014139620316301728
0.0026966440147008744
0.0015826169364829932
0.0034931742017007645
0.002648367667765213
0.003204275969083038
0.003561390144782452
0.0017192558483493687
0.0017141934250031678
0.002383324226295911
0.002062104250222885
0.0019356602468410791
0.0032869176030579325
0.0031073061640348233
0.0026110266260190988
0.0028611349484506474
0.0022545861840932635
0.0017592286873937088
0.0017305867043313976
0.0012206982653741444
0.0015604731174437719
0.001650587504867879
0.0032044112717787105
0.003189971425336461
0.002752181737036368
0.0023099793859441106
0.0013470309239280995
0.0015183301628239679
0.0025884754465393648
0.0026298145499197016
0.0024570508527505443
0.0028041802965504325
0.002783723417903463
0.0008846163922832236
0.0015200086205691776
0.0019271222257073327
0.0020638940120790493
0.001550064771746113
0.0020996457709965733
0.0023176368470796006
0.002108570550728157
0.0014344903961539522
0.001271786047934047
0.0011415888682257053
0.0008472040470957162
0.0012297960806589281
0.001899614537862433
0.0022881329345697705
0.0017977294883656666
0.001645948589039806
0.0008513213206219614
0.0021057238237478385
0.0017129019981650371
0.0010597004362173162
0.0013959550263753428
0.002692263540158449
0.0013871738211379083
0.000980045560599709
0.0017254130415525427
0.001721468350768965
0.0022642492433683392
0.0014770603428809412
0.001314993434614823
0.0009275800183071861
0.0021230656947913516
0.0009770631149383223
0.0014785138626165093
0.0008891792771423054
0.0009851204006679885
0.0008993651097362266
0.0022050107480582524
0.0013145639521666566
0.0018908222824276998
0.0018587140521693338
0.0019462668472887503
0.0008493616616261295
0.001512140462207489
0.0018818369313336422
0.0009393467946949626
0.0019254100536292005
0.0013998110704809223
0.002121165392582191
0.002483093614471099
0.0014375846308898731
0.0011665016168551764
0.0018881290516310906
0.0007709201252194152
0.0009355894248021199
0.0011027308343648588
0.0014526426187862504
0.0009362432933343484
0.0023985024543551675
0.0012724174338875356
0.0011036260212624212
0.0008554471347018079
0.0014541156664657274
0.0012236923506611876
0.0011034118740458063
0.0016831298908190125
0.0011455073363728782
0.0009386922090995432
0.0015611271106696608
0.0017627691584488716
0.0009739098471900464
0.0015223087275532945
0.0012605456201424978
0.0007760069462714551
0.001498156384225166
0.0014455916473406008
0.0012428163952157845
0.0010645025137688766
0.001243862053766961
0.0010170075221372762
0.0015295352469080986
0.0015558579722229275
0.0011443529826072197
0.0016234041067323087
0.001331711692415457
0.0009809138317406804
0.0008086065040069147
0.0008964606690510062
0.00148473416567627
0.0014189438395354535
0.000818557500863723
0.0012856035800453396
0.0014939050516504725
0.0008981832415844943
0.0011912298912287508
0.0012128368667470378
0.0008948339510952833
0.0007689523384003827
0.0014866757322797063
0.0011244177900355129
0.001526036166719078
0.0008130590030691292
0.0010646322419465269
0.0008972269611990559
0.0012486931268188973
0.0015121387453340231
0.0006910184495339707
0.00131974283342825
0.0009033983284042746
0.001494784996624839
0.0013243581564057665
0.000893463479769319
0.0008537646973345279
0.0006946473103847455
0.0009018687010990763
0.0015857803699275367
0.0011130073056832307
0.0011215279447731189
0.001026192569538291
0.0007214090284994966
0.0009352186795376287
0.0012533535438057895
0.0008057939322493038
0.0010365868251922714
0.0017170425914392667
0.0010448172378061536
0.0014906697175429047
0.000675823468833678
0.0010605041609491202
0.0008146361508430091
0.0013237144631215606
0.0008627185708253249
0.0006426344422946516
0.000736648807005142
0.0010627960189614112
0.0008146896306033639
0.0017160195779925328
0.0009366276853741324
0.0014818196514279466
0.0005982267657019976
0.0010200438370560018
0.0011653802773372158
0.0014191437704149125
0.0007806408751361546
0.0007410146617634428
0.0007314587925943367
0.0015108040169898613
0.0008632373015058466
0.0009093961310214752
0.0008152423394354304
0.0008990120905580691
0.0007789411484343731
0.0008073018944341881
0.0008525274239812862
0.0012902481098417925
0.0008541195567326596
0.0009031804354055748
0.000976187774298354
0.000758862855079853
0.0008145788543913449
0.000776031272499734
0.0008113258456718608
0.0006950703755738999
0.0008126617267995752
0.0014305315085415377
0.000909274088921397
0.0007744202062915137
0.0010383874334849844
0.0007785547690584309
0.0008988649811496894
0.0007365170495238948
0.0007781458526348503
0.0007923113034753791
0.0008899263940378824
0.0015124880760210425
0.0009839915657865652
0.0007402578735216632
0.001476653188268711
0.0007829596311532676
0.0006035465032178015
0.0006903093807465481
0.0008584514266938446
0.0009464990084355418
0.0008684195729675869
0.0008129297548594271
0.000681606374121976
0.0007712286717627589
0.0006760712603463912
0.001225166155402687
0.0008169467544847473
0.0007426637571720318
0.0006453282814050768
0.0007314000760823099
0.0008729441654868095
0.0008648239221410657
0.000768010597825319
0.0015099898879813276
0.001689218649545975
0.0008276379691459317
0.0009369116715064418
0.0006098923997671932
0.0011634359944943426
0.0008549611721462956
0.0009948121634529932
0.0012144156222325681
0.0006869961527814446
0.0008985980498376729
0.0007878533627918848
0.0010818672961343547
0.0007626132562794568
0.0008135604538873913
0.0009911843979193776
0.0006919006095528774
0.0009931395479837756
0.0006855879421714349
0.0006449890337272117
0.0012153877484934366
0.0009638939337538367
0.000941064937190472
0.0010282272085303896
0.0012584484723801917
0.001354474830729544
0.001129861245590102
0.0006496638665365535
0.0006939076945842173
0.0010477430326082822
0.0006992026799415641
0.0007205668910914923
0.0006937529278749807
0.0007028656911609144
0.0009968172411945009
0.0006864094096590938
0.0007861070564650396
0.000745534391130093
0.0009061044167912665
0.0007376849179947639
0.0008647698499470567
0.0007362563130680075
0.0006099974501691181
0.0007413441318174737
0.0007270077047565479
0.0006839019760614772
0.0009998426773845364
0.0006888254941442312
0.0007340138611246568
0.000655424193855821
0.001204056987474352
0.0007314997932122123
0.0007389397767176056
0.0006887531512898471
0.0010385681262744914
0.0007060909697039842
0.0010872951477615693
0.0006529908015745275
0.0008773448953947679
0.0006915315248330971
0.000635107364201892
0.0006511816560679413
0.0012756742018823991
0.001042987527225633
0.0006868067946561124
0.0009273146360913068
0.00108796978427187
0.0009614091135821393
0.0006542066726805429
0.0010042424379094837
0.0006098858937453804
0.0011414290126733249
0.0013071713541436636
0.000787685176905121
0.0006982965998693742
0.0007934761928884326
0.0006908774278235829
0.001185013828112254
0.0006847112697288511
0.0007900867642345028
0.0007430911981572594
0.0006962591151855863
0.0007404471590173409
0.0007338165085721775
0.0006884480794343121
0.0008152063069320584
0.0010599574475470524
0.0007293637051708387
0.000837800060054836
0.000811708092318769
0.0007854682685471423
0.0007278547389149905
0.0006807200298585154
0.0008732107550947805
0.0010166323179439582
0.0008306292729890878
0.0008207711062843558
0.0008653275759211067
0.0006392506131198099
0.0007292796315851806
0.000707423560601932
0.0007290543420267817
0.000638000557210237
0.000660893018815114
0.000894620266551938
0.0007766096277873581
0.0006959061363386749
0.0006883343591568724
0.0007426349757244407
0.0006885282337865611
0.0007935658553173847
0.0008814713478672423
0.0009706780971127619
0.000652004888423467
0.0006990496358869056
0.0007432098557162175
0.0006515611260564804
0.0006928713047766936
0.0008836265688586738
0.0006965183558895803
0.0007333342775368343
0.0009190820812736023
0.000596220045684378
0.0006850766965465548
0.0007262037865383697
0.0010494171585195096
0.0007073800557173246
0.0009342962012524797
0.0007982802827640254
0.0006860575184212177
0.0006466747379588525
0.000834446772434542
0.0007596304897173165
0.000602619770241712
0.0006937712122902457
0.0008203863782554598
0.0006460786160828396
0.0009658443358641334
0.0006874396943897637
0.000607567423692887
0.0007900340096489765
0.0006496078301078613
0.0006427447331143039
0.0006507874862009132
0.0007888544167678734
0.0006474818894126335
0.0008368705209123103
0.0007363113618699192
0.0006947659741416915
0.0006492099451865099
0.0006881053742521325
0.0006516533280040759
0.0006598872025280725
0.0006524364952152499
0.000814882138175677
0.0007068496287777541
0.0008434331952856492
0.0005920497202735958
0.0007559074470882792
0.0007123997353285404
0.0007435814569724216
0.0006916158887871377
0.0006989562896892882
0.0006087845266980652
0.0006127332838947469
0.0006591583313911907
0.0010277694693265546
0.0006475480354393428
0.0008328723574727411
0.0008199824194887299
0.0006671836708334109
0.0006836668232368767
0.0007438186213145955
0.0009760884700259538
0.0006493365184584338
0.0007458487614539549
0.0006035002629597012
0.0007295701000205564
0.0007033019295303082
0.0006455056020776526
0.0006423413364742717
0.0006610461871486401
0.0007547496143812361
0.0006158803306211422
0.0006464951378369161
0.0008001172723384942
0.0007992994904690981
0.0006870494928609556
0.0007402471981716448
0.0008416747951554468
0.0005961073057479456
0.0006929940886285604
0.000640744803460397
0.0007561821203926913
0.0007332208682470205
0.0007899513510834581
0.0007453927426835115
0.0006125585449622334
0.0006432753011002268
0.0007951349006433373
0.0006810909301600904
0.0006146759062222844
0.0007194548047129504
0.0009346259321091516
0.0006470125729192882
0.0008452371990906138
0.0007593354449664998
0.0007322696249225341
0.0009364813625326382
0.0006479043854469463
0.0006765791187470183
0.0007749462374373889
0.000983703183951756
0.0007533111804898831
0.0007678341915922942
0.0008064674464863746
0.0005934836239666013
0.0007552184069474302
0.0007095448398530795
0.0006921703744109732
0.0006521624542435641
0.0006906726767149298
0.0006262461678776349
0.0006523141193330513
0.0007710911784034397
0.0007054822757944135
0.0006441045621337273
0.0007974445979294707
0.0008818238737626828
0.0006258669992101595
0.0008005782506053301
0.0006157387456298067
0.0006107205492254847
0.0006130563786232041
0.0007082706076359963
0.0006472234512340253
0.0006011867489326539
0.0006859589532274882
0.0008468443933103077
0.0006414574204910424
0.0006933969549438977
0.0007125670712903843
0.0006912617347601692
0.0008746099354292424
0.0006972609994407969
0.0006726671064578803
0.0006087873198167251
0.0007051285093334138
0.0006089830569043671
0.000602974738846641
0.0006190372917161096
0.000798277058440494
0.000647720411873813
0.0006050135092389575
0.0006135275865030277
0.0006561934620327594
0.000699801259941793
0.0006529152778562359
0.0006913130862979776
0.000710887494690247
0.0006610300947193432
0.0009503146661774389
0.0008021635355527836
0.0006743601893978594
0.0007494645806393465
0.0006511759953449576
0.0006096526280009802
0.0007108198639740979
0.0007195109073727243
0.0007465654039729454
0.0006584257867210848
0.0006583934593898568
0.0007580171478080973
0.0006076635353772813
0.0006121006355755604
0.0005993063459457472
0.0006794164314957291
0.0006253361340352902
0.0007243834790314766
0.000647379514447378
0.0008817037185353891
0.0008209354839548772
0.000607215116776393
0.0006079925730545133
0.0006537332210355788
0.0006451865683158695
0.0006641959096335304
0.0006711064825703694
0.0006483629208406166
0.0008461392498097173
0.0006011867489326539
0.0006530158056866967
0.000678206245538779
0.0006107205492254847
0.0006529060601929728
0.0006907555136148958
0.0006841300219075563
0.0006791203978538669
0.0006632919186690598
0.0006722870850180112
0.0006234384248455414
0.0008616071127152341
0.0007982087009422951
0.0006523112834463103
0.0006074694937979291
0.0007146942623529319
0.0006028277679492845
0.0007042598231847516
0.0006173479779779322
0.0006922578736604036
0.0006122043193088259
0.0008032395268358901
0.0006042976779182196
0.000650639671297739
0.0006263353620650635
0.0006947347632652532
0.0006319208654430361
0.0007030158290391626
0.0006039304043883686
0.0006909060132540104
0.0006558136507092228
0.0007400562523111542
0.0006709037514780771
0.0006419960686591593
0.0006136386818172458
0.0006006205464779307
0.0007105119300198794
0.0007634217604469453
0.0007359530770182475
0.0008024740877818246
0.0007254539030963417
0.0006643104356247969
0.0006835581223239131
0.000699313301723463
0.0007498120532780859
0.0005997968363942012
0.0006519698193223466
0.000657002790043786
0.000617898422461235
0.000630407415563848
0.0007126569066752368
0.000735977992379148
0.0006146881511865466
0.0006107205492254847
0.0007937191597108127
0.0007548968826628669
0.000640254526760242
0.0007095775284684826
0.0006074287812926268
0.0006057345145000553
0.0006537280001534642
0.0006011851513874548
0.0006579070438374521
0.0006502554714347464
0.0006114310714681018
0.0006092480200627585
0.0006117431283586525
0.0006624238428094471
0.0007669313988221867
0.0006542122711226755
0.0006740425609484634
0.0006128526637373129
0.0005950106463196312
0.0007905998943653829
0.0006166988672199556
0.000649580295975964
0.0007656744712518836
0.0006757156944133184
0.0007044795649365403
0.0006726376722200742
0.0007047167650363115
0.0006108276944252834
0.0006242861254719616
0.0006643318400493457
0.0007426234758120079
0.00061759912584036
0.0007308051147886965
0.0006027962170244306
0.0007109863092990923
0.0006989443970955841
0.0006515577774352601
0.0006570037260704341
0.0006110665675296117
0.0006212460909498752
0.0006059164492464138
0.0007088254882606508
0.0007703241838760616
0.0007172380286132249
0.0005949008847594047
0.000607464989764034
0.0006819557938664025
0.0006555360938825335
0.0006567080043069967
0.0006746296656636404
0.0006163832130563118
0.0007354958672355683
0.0006620704764776162
0.0007689299460624426
0.0006539931377003974
0.0005997633604008965
0.0008601759783350364
0.0006015310097456985
0.0007477189125092243
0.0006253080013823516
0.0006436123784049032
0.0006334054283525645
0.0006138892085475807
0.0006858229032566277
0.0006859205997133488
0.0006337547718205165
0.0006090236175804336
0.0006137602939406307
0.0006087133656248441
0.0006282287562545348
0.0007292973556822025
0.0006620009705126763
0.0006077149986242453
0.0007143818587529951
0.0007037864702328552
0.0007759779450540228
0.0006011855249931959
0.0006756651523791298
0.0006864673456981285
0.0006519909739278476
0.0006255325766257784
0.000657645712782777
0.0006544606654782003
0.0006059671600844512
0.00071100533486642
0.0006089756436508458
0.0006828824868128761
0.0006249385535697431
0.0006323897522222916
0.0006084607915647739
0.0006185050251397088
0.0006649450195228443
0.0006584721809329963
0.0006827414558213069
0.000611196694666125
0.0007083039490266529
0.000648464376521328
0.0007210691546665034
0.0006492036294954488
0.0006263062803210319
0.000619808499031863
0.0006997029183207726
0.0006104764239000083
0.0006811621308347089
0.0005971618743459186
0.0006120563469476665
0.0007352825163527528
0.0006704092193772468
0.0006109943791402068
0.0006301656744104297
0.0006703870227679695
0.0006312152972811314
0.0006154589608493644
0.0006177335058486119
0.0006637989611785723
0.0006479277069160358
0.0006144513039084005
0.0006053762521141465
0.000632635425337869
0.0006133532095880698
0.0006725183827725706
0.0006029705801862513
0.0006542248653470062
0.0006196851868731687
0.0006934292977400302
0.0006162778048410751
0.0006275459504315982
0.0006127248809245507
0.0007028698300863602
0.0006081632970754971
0.0006189341678885527
0.0006565569157884634
0.0006457279434541825
0.0007085018989219598
0.0006519723811656637
0.0005963279825000638
0.000606313387794228
0.0007500650565848975
0.0006037362296675525
0.0006566363172202793
0.0007167300427843797
0.0006834308077272662
0.0006156231622710123
0.0006276169882640563
0.000604549139421049
0.0006771001870016255
0.0006188714476701051
0.0006122705241785543
0.0006602057715477829
0.0006371023994086979
0.0006957389309832535
0.0006468327719507005
0.0006105580329087183
0.0006592387716433665
0.0006055199953994929
0.0006360759017377002
0.0006010343319339507
0.0006331250931428486
0.0006349752485332241
0.0006339994642035593
0.0006137691466315651
0.0006088861089968774
0.0006870205161088368
0.0007131283968726515
0.0006824324814564644
0.000662764252307711
0.0006329932705230485
0.0006410601407794954
0.000645400894825143
0.0006170129192535719
0.0006104669584549219
0.0006089539009290027
0.000670205415405576
0.000638000557210237
0.000606324078118103
0.0006028147117812336
0.000615958700035395
0.0006135120940099385
0.0006175743504844368
0.0006029169571924129
0.000606313387794228
0.0007019232089935562
0.0006570993773169559
0.0006536898388477278
0.0006167516748284584
0.0006311331722133688
0.0006483696554486055
0.0007074102376223726
0.0005989520598674439
0.0006819302369567503
0.0006096950961621667
0.0006285352196347754
0.0005985391406373008
0.0006306295772888958
0.0006645344180693344
0.0006241819681586047
0.0006403639722889086
0.0006034731006278062
0.0006336231897779357
0.0006020207285122004
0.0006292614392625966
0.0006468549287468637
0.0005972402662550935
0.0006114310714681018
0.0006111256759676608
0.0006220719718218804
0.0007231162638241117
0.000634755668305369
0.0006100548105763214
0.0006327429755697892
0.0006135885542060095
0.0006092570973915835
0.0006694093479214306
0.0006125977462506577
0.000661946850933729
0.000662204357523602
0.0006141028815871883
0.0006482679404686419
0.0006068245750000803
0.0006535391576154252
0.0006189806748523802
0.0006116161061875804
0.000611413784808306
0.0006352827731348028
0.0006223329651666993
0.0006206816449225321
0.0006347121602114374
0.0006740810606103786
0.0006089539009290027
0.0006047071599795714
0.0006336193233262037
0.0006621549389349004
0.0006188714476701051
0.0006402714136982693
0.000617426907958979
0.0006135275865030277
0.0005996509000545296
0.0006095158641373854
0.0006951159071697123
0.0006187164356954586
0.0006252513530139379
0.000621470686047572
0.0006234431447175964
0.0006093512104419155
0.0006060263425216952
0.0006165973059730021
0.0006315366526789754
0.0006024752558004055
0.0006140037075551676
0.0005987347003475262
0.0006315312561414085
0.0006027075155612378
0.0006062744108633542
0.0006349514726704934
0.0006445451695691098
0.0007052909316761827
0.0006035049963129832
0.0006074663832905672
0.0006324489722008307
0.000614213287086627
0.0006093194427998479
0.000677328622860565
0.0006180141662633892
0.0006237556025457638
0.0006364989136234495
0.0006223134531690326
0.0006051561937492605
0.0006082437296443537
0.000625215765461988
0.0006437637319689383
0.000592527320366814
0.0006020207285122004
0.000627432969005298
0.0006377820625776919
0.0006125707836640544
0.0006462509595656228
0.0006433435042525468
0.0006388303020993464
0.0005965774189536139
0.0006377888568943068
0.0006110927169248261
0.0006337251478080214
0.0006071662203309508
0.0006573416794172907
0.0006093438042245677
0.0006188451430878474
0.0006191300802167556
0.0006125977462506577
0.0005978764125112072
0.0006213447398714561
0.0005974277682291944
0.0006222548111384545
0.0006726262486001512
0.0006185732097243591
0.0006035049963129832
0.0006327011968399391
0.0006308605553047565
0.0006297337067764024
0.0006117292747406326
0.0006097724137933382
0.0006114661104716167
0.0006022766064138867
0.0006119371769486857
