2
142
149
3
302
269
326
2
127
199
3
11
125
179
2
111
228
2
184
279
2
124
337
2
266
3
5
73
362
2
2
2
167
185
2
101
2
159
232
2
296
2
89
111
2
68
2
5
2
95
2
209
2
175
2
100
204
2
36
2
2
206
3
42
3
244
2
223
2
4
3
161
227
3
37
3
8
2
2
233
2
2
2
143
2
3
17
2
121
2
133
2
3
96
110
138
2
2
2
3
112
2
2
156
2
2
2
2
102
3
4
9
2
172
2
2
2
2
2
2
2
2
3
2
2
3
2
2
2
3
166
2
2
47
2
3
2
2
2
21
2
14
2
2
3
2
2
91
2
9
3
153
3
148
2
3
3
2
3
13
2
2
9
2
20
44
3
2
8
2
2
2
2
2
7
3
2
2
100
2
2
2
2
2
12
3
2
47
3
2
101
2
2
25
2
2
2
2
2
2
40
2
2
2
2
2
2
2
2
2
160
2
2
3
70
80
2
3
2
3
3
2
2
2
12
3
3
2
2
52
2
2
100
2
74
2
32
3
105
2
2
2
58
2
2
2
5
3
3
109
2
52
2
2
2
127
2
2
2
50
2
172
2
2
3
3
2
2
3
2
2
3
2
2
2
3
3
2
2
2
2
31
2
2
3
2
2
2
2
3
126
3
3
3
43
3
3
60
84
3
3
3
15
3
14
4
3
26
3
71
3
3
3
3
3
4
3
3
72
3
29
93
3
3
11
3
3
3
3
3
30
3
3
64
3
6
3
3
9
3
59
84
3
3
3
3
3
3
3
28
3
3
3
3
3
3
29
3
3
3
3
3
3
3
3
3
95
3
3
3
3
3
3
3
3
13
3
3
3
3
66
3
3
3
3
3
18
3
22
3
27
3
5
3
3
3
3
3
35
3
3
3
3
24
3
115
3
52
3
3
3
3
22
3
3
3
3
3
36
3
3
3
3
4
3
4
3
3
3
3
4
4
4
4
67
4
6
4
43
4
4
4
4
4
4
4
10
4
10
44
4
4
4
4
4
16
36
4
4
4
4
4
4
4
8
12
4
4
4
15
19
4
4
4
4
26
54
4
4
19
4
4
4
4
4
4
4
4
4
4
4
46
4
4
4
4
4
4
4
64
4
4
13
4
4
14
4
4
49
4
4
4
4
5
4
32
4
45
4
4
4
102
4
4
56
4
4
4
4
4
4
4
31
4
4
4
9
4
4
30
90
4
30
4
4
4
4
5
5
88
5
5
5
47
5
6
16
5
5
5
6
5
29
5
5
5
5
5
5
5
5
24
5
48
5
5
5
5
78
5
38
5
5
5
25
45
5
5
5
5
5
5
29
5
5
5
11
5
5
5
5
5
5
14
5
5
5
50
57
6
6
6
6
6
6
6
6
6
6
6
39
6
6
15
6
6
6
6
6
6
6
87
6
14
6
6
6
72
6
6
6
6
6
8
6
13
6
6
6
6
12
6
20
82
6
18
6
38
79
6
23
6
6
6
6
27
6
7
7
43
7
7
7
7
49
7
7
7
7
7
49
7
7
7
29
7
7
7
24
7
7
8
7
7
15
7
7
7
27
7
7
8
8
8
27
8
8
8
40
8
8
8
8
40
43
8
8
8
9
8
29
8
63
8
8
8
8
8
8
9
16
8
8
8
8
58
8
9
9
14
9
9
37
9
9
15
24
9
9
9
9
9
9
42
9
9
9
22
42
59
9
9
46
9
9
25
10
53
72
10
32
10
10
10
10
10
10
10
10
44
10
10
10
30
34
10
12
10
11
35
11
11
11
11
11
11
25
11
30
11
11
11
11
16
11
45
64
11
11
11
11
28
12
12
12
12
12
12
45
12
13
30
13
13
13
13
13
31
42
14
14
14
14
29
14
27
14
14
22
15
27
15
15
15
20
23
15
15
15
16
16
35
16
16
16
17
17
17
17
27
17
17
18
26
20
34
19
19
19
19
19
20
20
20
43
43
20
34
20
21
22
22
22
22
25
22
27
22
23
27
24
43
25
25
25
25
25
26
27
47
28
38
29
29
35
37
