2
44
44
3
44
44
44
2
44
44
3
10
44
44
2
44
44
2
44
44
2
44
44
2
44
3
4
43
44
2
2
2
44
44
2
44
2
44
44
2
44
2
44
44
2
42
2
4
2
43
2
44
2
44
2
44
44
2
32
2
2
44
3
34
3
44
2
44
2
3
3
44
44
3
34
3
7
2
2
44
2
2
2
44
2
3
16
2
44
2
44
2
3
44
44
44
2
2
2
3
43
2
2
44
2
2
2
2
44
3
3
8
2
44
2
2
2
2
2
2
2
2
2
2
2
3
2
2
2
3
44
2
2
35
2
3
2
2
2
20
2
13
2
2
3
2
2
44
2
8
3
44
3
44
2
2
3
2
3
12
2
2
8
2
17
35
3
2
7
2
2
2
2
2
6
3
2
2
44
2
2
2
2
2
11
3
2
35
3
2
43
2
2
24
2
2
2
2
2
2
33
2
2
2
2
2
2
2
2
2
44
2
2
3
40
43
2
3
2
3
3
2
2
2
11
3
3
2
2
36
2
2
43
2
43
2
27
3
44
2
2
2
43
2
2
2
4
3
3
44
2
33
2
2
2
44
2
2
2
35
2
44
2
2
3
3
2
2
3
2
2
2
2
2
2
3
3
2
2
2
2
30
2
2
3
2
2
2
2
3
44
3
3
3
35
3
3
43
43
3
3
3
13
3
13
4
3
24
3
44
3
3
3
3
3
3
3
3
43
3
27
44
3
3
10
3
3
3
3
3
26
3
3
43
3
5
3
3
8
3
44
44
3
3
3
3
3
3
3
25
3
3
3
3
3
3
26
3
3
3
3
3
3
3
3
3
44
3
3
3
3
3
3
3
3
12
3
3
3
3
43
3
3
3
3
3
17
3
19
3
23
3
4
3
3
3
3
3
29
3
3
3
3
23
3
44
3
41
3
3
3
3
20
3
3
3
3
3
34
3
3
3
3
4
3
3
3
3
3
3
4
4
4
4
38
4
5
4
34
4
4
4
4
4
4
4
9
4
9
35
4
4
4
4
4
15
29
4
4
4
4
4
4
4
7
11
4
4
4
13
14
4
4
4
4
24
43
4
4
18
4
4
4
4
4
4
4
4
4
4
4
35
4
4
4
4
4
4
4
43
4
4
12
4
4
12
4
4
41
4
4
4
4
4
4
28
4
35
4
4
4
44
4
4
40
4
4
4
4
4
4
4
27
4
4
4
8
4
4
26
43
4
29
4
4
4
4
5
5
44
5
5
5
39
5
5
15
5
5
5
5
5
28
5
5
5
5
5
5
5
5
23
5
41
5
5
5
5
43
5
35
5
5
5
22
35
5
5
5
5
5
5
24
5
5
5
10
5
5
5
5
5
5
13
5
5
5
38
43
6
6
6
5
6
6
6
6
6
6
6
32
6
6
14
6
6
6
6
6
6
6
43
6
13
6
6
6
44
6
6
6
6
6
7
6
12
6
6
6
6
11
6
18
44
6
16
6
34
44
6
21
6
6
6
6
25
6
7
7
35
7
7
7
7
38
7
7
7
7
7
35
7
7
7
27
7
7
7
23
7
7
7
7
7
14
7
7
7
25
7
7
8
8
8
26
8
8
8
34
8
8
8
8
35
35
8
8
8
8
8
27
8
38
8
8
8
8
8
8
8
15
8
8
8
8
44
8
9
9
13
9
9
31
9
9
13
23
9
9
9
9
9
9
34
9
9
9
21
34
39
9
9
33
9
9
24
9
35
44
10
30
10
10
10
10
10
10
10
10
34
10
10
10
28
31
10
11
10
11
31
11
11
11
11
11
11
24
11
28
10
11
11
11
14
11
34
43
11
11
11
11
27
12
12
12
12
12
12
40
12
13
29
13
13
13
13
13
29
31
14
14
14
14
27
14
26
14
14
20
15
26
15
15
15
19
21
15
15
15
16
16
34
16
16
16
17
17
17
17
26
17
17
18
25
19
31
19
19
19
19
19
20
20
20
35
38
20
32
20
21
22
22
22
22
24
22
26
22
23
26
24
34
25
25
25
25
25
26
26
38
28
36
29
29
35
35
