1.0
0.24033563080611328
0.3128967894068565
1.0
0.11687311610305604
0.14917050435554569
0.1067484662576687
1.0
0.2840894888138983
0.22465864676919953
0.3333333333333333
0.6363636363636364
0.36335483870967744
0.19534241416106962
1.0
0.3782145782145782
0.14019630574232939
1.0
0.19422665716322166
0.147185477424512
1.0
0.2778651980068188
0.09778154585276247
1.0
0.13281316498794155
0.3333333333333333
0.6
0.4665144596651446
0.09361656540303943
1.0
1.0
0.0
0.18714378471971718
0.23513513513513515
1.0
0.33504950495049507
1.0
0.19926757423771993
0.17103298999850725
1.0
0.13204306000916172
0.0
0.40500510725229827
0.30892710892710895
0.0
0.4631255487269535
0.0
0.6
0.0
0.29854423292273236
1.0
0.21756532940743467
1.0
0.24216748768472907
1.0
0.3466666666666667
0.17009562445667922
1.0
0.6666666666666666
1.0
1.0
0.14326308311626806
1.0
0.562137049941928
1.0
0.17202995345071848
1.0
0.18725003029935766
0.0
0.16666666666666666
1.0
0.2266304347826087
0.17679622626798175
0.6666666666666666
0.6036036036036037
0.3333333333333333
0.5
1.0
1.0
0.14899363622909575
1.0
1.0
1.0
0.31291243967300303
0.0
0.3333333333333333
0.7352941176470589
0.0
0.3389807162534435
1.0
0.2746639325586694
1.0
0.6666666666666666
0.35833333333333334
0.37831526271893245
0.2491272611869248
1.0
1.0
1.0
1.0
0.2882882882882883
1.0
0.0
0.2812241521918941
1.0
1.0
1.0
1.0
0.3537177247136478
0.0
0.16666666666666666
0.5277777777777778
1.0
0.2157622739018088
1.0
1.0
1.0
1.0
1.0
1.0
1.0
0.0
0.3333333333333333
1.0
1.0
1.0
1.0
1.0
1.0
1.0
0.29477911646586347
1.0
1.0
0.572617946345976
1.0
1.0
1.0
1.0
0.0
0.8095238095238095
0.0
0.7802197802197802
1.0
1.0
1.0
1.0
0.0
0.47496947496947495
0.0
0.5
1.0
0.2955796353629171
1.0
0.3195440338297481
0.0
0.3333333333333333
1.0
1.0
0.3333333333333333
0.6794871794871795
1.0
0.0
0.6388888888888888
0.0
0.5473684210526316
0.5634249471458774
1.0
0.0
0.5
1.0
1.0
1.0
1.0
0.0
0.5714285714285714
1.0
0.0
1.0
0.3482828282828283
1.0
1.0
1.0
1.0
0.0
0.6212121212121212
1.0
1.0
0.5374653098982424
1.0
1.0
0.3118811881188119
1.0
1.0
0.8033333333333333
1.0
1.0
1.0
1.0
0.0
0.0
0.6
1.0
0.0
1.0
1.0
1.0
1.0
1.0
1.0
1.0
0.28238993710691823
1.0
1.0
0.0
0.3966873706004141
0.425
1.0
1.0
1.0
1.0
1.0
1.0
0.0
0.0
0.5606060606060606
1.0
1.0
1.0
1.0
0.5437405731523378
1.0
1.0
0.30767676767676766
1.0
0.4857460199925953
1.0
0.657258064516129
1.0
0.3741758241758242
1.0
1.0
1.0
0.588626739261948
1.0
1.0
0.0
0.6
1.0
1.0
0.3712198436969079
1.0
0.47058823529411764
1.0
1.0
1.0
0.3548306461692288
1.0
0.0
1.0
0.5493877551020409
1.0
0.2727458180334557
1.0
1.0
1.0
1.0
1.0
1.0
1.0
1.0
0.0
0.3333333333333333
1.0
1.0
0.0
1.0
1.0
1.0
1.0
1.0
1.0
0.7849462365591398
1.0
1.0
1.0
1.0
1.0
1.0
1.0
0.3333333333333333
0.25942857142857145
0.6666666666666666
1.0
0.6666666666666666
0.6312292358803987
1.0
1.0
0.5824858757062147
0.44606999426276533
1.0
1.0
1.0
0.5523809523809524
0.6666666666666666
0.7582417582417582
1.0
0.0
0.6615384615384615
0.3333333333333333
0.5356136820925553
1.0
1.0
0.6666666666666666
1.0
0.6666666666666666
0.6666666666666666
0.6666666666666666
0.6666666666666666
0.4593114241001565
0.6666666666666666
0.625615763546798
0.4270687237026648
0.6666666666666666
0.3333333333333333
0.7636363636363637
0.3333333333333333
0.3333333333333333
1.0
1.0
0.3333333333333333
0.6551724137931034
0.6666666666666666
1.0
0.5436507936507936
0.3333333333333333
0.6666666666666666
1.0
0.3333333333333333
0.4444444444444444
0.6666666666666666
0.6475745178258329
0.4635685599541021
0.6666666666666666
0.3333333333333333
0.3333333333333333
0.6666666666666666
0.3333333333333333
1.0
0.6666666666666666
0.7328042328042328
0.3333333333333333
0.6666666666666666
1.0
0.3333333333333333
1.0
0.0
0.5812807881773399
1.0
1.0
1.0
0.6666666666666666
1.0
1.0
1.0
1.0
1.0
0.4687569988801792
1.0
0.6666666666666666
1.0
1.0
1.0
1.0
1.0
0.3333333333333333
0.7051282051282052
1.0
0.6666666666666666
1.0
1.0
0.5515151515151515
1.0
0.6666666666666666
1.0
1.0
0.6666666666666666
0.8300653594771242
0.6666666666666666
0.5194805194805194
0.6666666666666666
0.6780626780626781
0.6666666666666666
0.7
0.6666666666666666
0.6666666666666666
1.0
1.0
0.6666666666666666
0.5529411764705883
1.0
1.0
0.6666666666666666
0.3333333333333333
0.7210144927536232
0.3333333333333333
0.36628527841342484
0.3333333333333333
0.6040723981900452
1.0
1.0
1.0
0.3333333333333333
0.6666666666666666
1.0
0.6666666666666666
1.0
0.6666666666666666
0.3333333333333333
0.6317460317460317
0.6666666666666666
1.0
1.0
1.0
0.6666666666666666
0.3333333333333333
0.5
1.0
1.0
1.0
1.0
1.0
1.0
0.8333333333333334
1.0
0.42740841248303935
0.16666666666666666
0.4666666666666667
0.6666666666666666
0.5426356589147286
1.0
0.8333333333333334
1.0
1.0
1.0
1.0
0.6666666666666666
0.6666666666666666
0.3333333333333333
0.6888888888888889
0.6342494714587738
1.0
1.0
0.8333333333333334
0.8333333333333334
0.5
0.7583333333333333
0.473015873015873
1.0
0.8333333333333334
1.0
1.0
1.0
1.0
0.5
0.7857142857142857
0.8333333333333334
1.0
0.8333333333333334
0.6666666666666666
0.6857142857142857
0.5087719298245614
0.6666666666666666
1.0
1.0
0.16666666666666666
0.6953846153846154
0.6163522012578616
0.8333333333333334
0.5
0.7543859649122807
1.0
0.6666666666666666
1.0
1.0
0.8333333333333334
1.0
1.0
1.0
0.8333333333333334
1.0
1.0
0.5033816425120773
1.0
0.3333333333333333
0.5
1.0
1.0
0.8333333333333334
0.6666666666666666
0.5610119047619048
0.8333333333333334
0.5
0.5384615384615384
1.0
0.6666666666666666
0.37362637362637363
0.8333333333333334
1.0
0.6428571428571429
1.0
0.8333333333333334
1.0
0.5
0.4
0.6666666666666666
0.6169354838709677
0.5
0.5686868686868687
1.0
1.0
1.0
0.4412735391186177
0.6666666666666666
1.0
0.5727272727272728
1.0
0.8333333333333334
0.8333333333333334
1.0
0.8333333333333334
1.0
0.5
0.6064516129032258
1.0
1.0
0.5
0.5555555555555556
0.6666666666666666
0.8333333333333334
0.664367816091954
0.3637952559300874
0.5
0.6183908045977011
1.0
1.0
1.0
0.5
1.0
0.2
0.48014629049111807
0.9
1.0
1.0
0.7095282146160962
0.3
0.5333333333333333
0.7
1.0
1.0
0.7
0.6666666666666666
0.9
0.7881773399014779
1.0
1.0
0.6
0.8
1.0
0.9
0.9
0.8
0.7463768115942029
0.8
0.700354609929078
1.0
0.8
0.9
1.0
0.4492174492174492
0.8
0.7112375533428165
1.0
0.9
0.6
0.6866666666666666
0.5646464646464646
0.8
0.9
0.9
1.0
0.9
0.8
0.645320197044335
1.0
1.0
0.9
0.7818181818181819
0.9
0.9
1.0
1.0
1.0
0.6
0.7692307692307693
1.0
0.9
0.6
0.6334693877551021
0.6127819548872181
0.8
0.9333333333333333
0.8
0.7333333333333333
1.0
0.8
0.6666666666666666
1.0
0.9333333333333333
0.8666666666666667
0.8
0.5317139001349528
0.9333333333333333
0.7333333333333333
0.7428571428571429
0.6666666666666666
0.8
1.0
0.8
1.0
1.0
0.8666666666666667
0.37743918738305265
0.7333333333333333
0.7472527472527473
0.8666666666666667
0.6666666666666666
0.8666666666666667
0.6216744913928013
0.8666666666666667
0.8
1.0
0.9333333333333333
0.6666666666666666
0.5357142857142857
0.7333333333333333
0.5897435897435898
0.7333333333333333
0.8666666666666667
0.7333333333333333
0.3333333333333333
0.6212121212121212
0.8666666666666667
0.8263157894736842
0.5203252032520326
0.8
0.5751633986928104
0.6
0.7297297297297297
0.4917234664070107
0.7333333333333333
0.691699604743083
1.0
0.7333333333333333
0.8
0.8
0.7236467236467237
1.0
1.0
0.9047619047619048
0.6622369878183831
0.8571428571428571
1.0
0.9047619047619048
0.7619047619047619
0.6445578231292517
0.7142857142857143
0.8571428571428571
0.7619047619047619
0.9523809523809523
0.5238095238095238
0.5102040816326531
0.7619047619047619
0.9523809523809523
0.6666666666666666
0.7684729064039408
1.0
0.9047619047619048
0.8571428571428571
0.6920289855072463
1.0
0.7619047619047619
0.7857142857142857
0.7619047619047619
0.7142857142857143
0.6857142857142857
1.0
0.8571428571428571
0.8571428571428571
0.7720797720797721
1.0
0.8095238095238095
0.9642857142857143
0.9642857142857143
0.7142857142857143
0.7834757834757835
0.7857142857142857
0.8928571428571429
0.8214285714285714
0.6346153846153846
0.8214285714285714
0.7142857142857143
0.9642857142857143
0.75
0.6371794871794871
0.6201550387596899
0.8214285714285714
0.9642857142857143
0.7857142857142857
0.4444444444444444
0.5
0.7832512315270936
0.7857142857142857
0.46646185355862774
1.0
0.75
0.7142857142857143
1.0
0.9285714285714286
0.6785714285714286
0.6111111111111112
0.49166666666666664
0.8928571428571429
0.9642857142857143
0.7857142857142857
0.8928571428571429
0.6503327283726558
0.8214285714285714
0.75
0.7222222222222222
0.6263736263736264
0.9722222222222222
0.8888888888888888
0.5345345345345346
0.9444444444444444
0.7777777777777778
0.638095238095238
0.6195652173913043
0.9444444444444444
0.8333333333333334
0.7222222222222222
0.9722222222222222
0.7222222222222222
0.8055555555555556
0.5900116144018583
0.8055555555555556
0.8055555555555556
0.6388888888888888
0.6493506493506493
0.570267131242741
0.5394506136762127
0.75
0.75
0.5120772946859904
0.9444444444444444
0.8055555555555556
0.84
0.8222222222222222
0.5297532656023222
0.588810641627543
0.7111111111111111
0.6451612903225806
0.7111111111111111
0.8888888888888888
0.8666666666666667
0.8666666666666667
0.8444444444444444
0.8222222222222222
0.8222222222222222
0.9555555555555556
0.5961945031712473
0.9777777777777777
0.8888888888888888
0.7333333333333333
0.7310344827586207
0.6131907308377896
0.8222222222222222
0.8484848484848485
0.9111111111111111
0.8363636363636363
0.5798319327731093
0.8909090909090909
0.9272727272727272
0.8181818181818182
0.8
0.6363636363636364
0.6727272727272727
0.7366666666666667
0.8909090909090909
0.7080459770114943
0.6181818181818182
0.8
0.9636363636363636
0.8181818181818182
0.7666666666666667
0.6363636363636364
0.5404040404040404
0.5545634920634921
0.9272727272727272
0.9818181818181818
0.8727272727272727
0.8727272727272727
0.6904761904761905
0.9393939393939394
0.7272727272727273
0.8636363636363636
0.8484848484848485
0.7575757575757576
0.8181818181818182
0.7575757575757576
0.8636363636363636
0.8333333333333334
0.8137931034482758
0.8717948717948718
0.7948717948717948
1.0
0.9487179487179487
0.9102564102564102
0.7548387096774194
0.48548199767711964
0.7692307692307693
0.8351648351648352
0.7802197802197802
0.7692307692307693
0.7758620689655172
0.9010989010989011
0.6695156695156695
0.978021978021978
0.8131868131868132
0.6753246753246753
0.7142857142857143
0.7236467236467237
0.6666666666666666
0.8761904761904762
0.780952380952381
0.6526315789473685
0.766798418972332
0.6190476190476191
0.8857142857142857
0.5619047619047619
0.85
0.8333333333333334
0.6941176470588235
0.7166666666666667
0.8083333333333333
0.7833333333333333
0.8161764705882353
0.7647058823529411
0.8382352941176471
0.7352941176470589
0.8262108262108262
0.7426470588235294
0.8161764705882353
0.7450980392156863
0.8584615384615385
0.7578947368421053
0.5971479500891266
0.783625730994152
0.7602339181286549
0.783625730994152
0.7017543859649122
0.8128654970760234
0.8105263157894737
0.8
0.7526315789473684
0.5581395348837209
0.751937984496124
0.6684210526315789
0.7647058823529411
0.7947368421052632
0.8333333333333334
0.7922077922077922
0.7532467532467533
0.8311688311688312
0.7619047619047619
0.7233333333333334
0.7965367965367965
0.7521367521367521
0.7878787878787878
0.8063241106719368
0.7094017094017094
0.7463768115942029
0.6135105204872646
0.7833333333333333
0.8333333333333334
0.8833333333333333
0.8333333333333334
0.76
0.7384615384615385
0.8290598290598291
0.6614246068455134
0.671957671957672
0.7510668563300142
0.8940886699507389
0.812807881773399
0.7697478991596639
0.8393393393393394
