0.00023985678497254415
0.006475212086452619
0.0062288558629684364
0.00028863191710345575
0.015416133767878459
0.012062942236191844
0.015940204970276012
0.000238862042728635
0.0055503028974677425
0.008463672329169577
0.00028811946142603604
0.0006510930615362331
0.004991932064076326
0.008065462902652063
0.00024364833439070063
0.00456716660753848
0.011564037854915105
0.00024125318119011272
0.008230627031666233
0.01236404211662702
0.00024592554965350167
0.005241901526069333
0.01761523844930854
0.0002501594409118644
0.012569668124537262
0.00031479542257701595
0.00041285579987632
0.003034446227967448
0.018617203397584225
0.00025266729935873137
0.00025155510067586444
0.00024085508686414806
0.007715180714836073
0.007840342167973408
0.00023757760371444808
0.004276630129351625
0.0002433072595748398
0.007410707518998758
0.010406493307711843
0.0002487167875859994
0.013847205761235808
0.00023668341226668014
0.0036259379201804653
0.004765260216586477
0.0002452929910081465
0.002823989520165412
0.0002853725625420033
0.0004476188066215267
0.00024572795158000175
0.004110164189076298
0.00024007316747912434
0.008665205607951587
0.0002444279641959193
0.007360993260697302
0.0002425342216162374
0.004086495534290751
0.010136645193757352
0.0002464493923489696
0.0015880938029822283
0.00025266729935873137
0.0002519705139080427
0.01034677767980756
0.0002838082543846075
0.0017992634389505965
0.00028538240140981965
0.010828121067075503
0.0002408768534494652
0.009589991400999155
0.00029564612995532064
0.00040796891435508056
0.0002753544745740482
0.007050650963234375
0.009617774125684953
0.00028310906811005614
0.0015981938243093104
0.00030405069006330076
0.0005389088982162168
0.0002468018264810371
0.00024389792317886528
0.01159838776625732
0.00024056823618709544
0.0002496101745575567
0.00023983269472602954
0.005973977006379429
0.0002462779620336095
0.0002941270930931829
0.0008412549300567951
0.00024306081951791904
0.0050088462707899555
0.0002451274471720796
0.005660266213241802
0.0002523890472443467
0.00027277188516875925
0.003942604229046134
0.0043205072957634835
0.006317915963502103
0.000244811200604114
0.00024322258481018926
0.00024062905386676827
0.0002876239378942015
0.004758075685061118
0.00025051474965561836
0.00023876446356785842
0.006321012552971814
0.00024802000213531075
0.0002490414443868382
0.00025158921199358434
0.00024427068451502067
0.004367517168548277
0.0003394998122245427
0.00037456564370414493
0.0005588450941119237
0.0002421987167912092
0.00763296179558315
0.00024344409070853288
0.00025155510067586444
0.00024756300287026833
0.00024554298889856006
0.00024609873015544326
0.0002481204296156678
0.00024796530517588717
0.00031275776286260283
0.0003777479607197002
0.00024538785828462877
0.0002490414443868382
0.0002896400707796443
0.0002444624535567606
0.00024663479636201444
0.00025222920886240754
0.0002751931176676885
0.006609326442739513
0.00024395040197833432
0.0002447449705010005
0.0020176275294195366
0.0002450308731111427
0.0002916827302167243
0.00024329712665984414
0.0002481204296156678
0.0002434872117936909
0.0010166273930549093
0.0002514060121883036
0.0007754860581336003
0.00024794346676364367
0.0002448098268295076
0.00028716874474967125
0.00024843853547161477
0.0002433448702491873
0.0037565747323741396
0.00026450853534332083
0.0005772223351613969
0.00028118571912570526
0.006271716475011518
0.00028094315778964417
0.005910358688852872
0.00032131461972955284
0.00039289926603833046
0.00028568017031810566
0.0002466737523584551
0.00029079433647181437
0.0006924323730984179
0.0002429635683347289
0.00026358951306355356
0.0005858852518160982
0.0002485763068057107
0.0010406276334953791
0.0020077872841187195
0.0002829257141457515
0.000267944756450933
0.0005454274254983186
0.000245467291547976
0.00025266729935873137
0.00024559566499330807
0.00025155510067586444
0.0002715868796555702
0.000518102208111968
0.0002840366150435987
0.00024082780171499565
0.00024383236985213284
0.004103479854122012
0.0002446439570643211
0.00025206439044350796
0.00023867376062628156
0.0002458312690810351
0.00025583807836469937
0.0006771308532162811
0.00028244993344762876
0.0002449004262650766
0.00204730602244828
0.0002837905961288439
0.0002461168107599918
0.004377381629662276
0.00024708007859542173
0.0002409065247538648
0.001152713835534302
0.0002459845867485744
0.00024284825724312517
0.00025268620812744997
0.000245467291547976
0.00024460694651887095
0.00024331340173223948
0.0016712673040950288
0.00024175245787773803
0.00024638329314473307
0.00024739460248126487
0.00023960811547041796
0.0002480410025264712
0.0002456734286810065
0.0002487532347474076
0.0002446882758390584
0.0002442300732593292
0.006579314524518657
0.0002533829935781387
0.00024344212143237744
0.0002748866525614181
0.003058589788582874
0.003189080065245597
0.00024717072427990673
0.00027891754256800187
0.0002481204296156678
0.00028989127625703284
0.00029042824614100695
0.00025158921199358434
0.00024415062072794945
0.00025703839202162427
0.0006788563067582856
0.00028987374557669983
0.00027656561208790596
0.00024141128565603552
0.00024428566392561214
0.002161542233778291
0.00024591616096469496
0.00024365128988455256
0.004209009447489648
0.0002441154394376781
0.002970648931865241
0.0002476605914901538
0.001445014554882586
0.00028804607343256046
0.004281908823562387
0.0002490414443868382
0.00024434886222861595
0.0002449328837485544
0.0023841255748250356
0.0002487167875859994
0.00024236619825671442
0.0002864770797310366
0.00044990621291236214
0.00028147619287523804
0.0002793063078364178
0.004491706218415312
0.000246178757190973
0.0022137094835211653
0.00024534627087103634
0.00025011077047701444
0.00024231615216934685
0.0050889866280545825
0.00024725251487117434
0.00024746129225513587
0.0002409449209938954
0.002095177119780787
0.0002419866862239973
0.0069026564010221045
0.00024340845643812815
0.0002533829935781387
0.0002809138218375928
0.00028007125514219444
0.00025158921199358434
0.00025310474146375404
0.00027424912388191407
0.0002428974296028877
0.0003158180254992119
0.0003771716597853292
0.00024221997756487554
0.000247873038086622
0.0002442082916888906
0.0002876596068280583
0.00028988231931846836
0.0002460163615642584
0.00024338436619161354
0.0002471408496127082
0.00024596010280074603
0.0013598289918661727
0.0002423679881384557
0.00025222920886240754
0.0002820738016903316
0.00024717072427990673
0.0002461168107599918
0.0002496101745575567
0.00024378975835258654
0.0002816225140593591
0.005370041082787167
0.000283314960259856
0.0002848914565254903
0.00027951672932477435
0.0018360585193006372
0.00027775739460801093
0.00027277069164695605
0.0024489382446698025
0.003438410712404347
0.00028426803468636
0.00028519285284831495
0.0002893312393213558
0.0008305280760210685
0.00029556072012931045
0.0007419349640463132
0.00032664023527189415
0.0002840682753915335
0.001194581123951645
0.0002804483402904136
0.0028772848974705535
0.0002873085387535797
0.0002853444065139693
0.0002791066627261984
0.0002910057181154868
0.0003297299900419559
0.0003782075112746733
0.00028702265053431495
0.00028437022905514973
0.002944382058858232
0.0002823955509822344
0.001267028413213803
0.003858449751494253
0.00028442999296735444
0.00029813718398778244
0.0006253083543159867
0.0003448700336132191
0.00035038045947824377
0.00028975413795446386
0.0002755672227107956
0.00027664047615351455
0.0013423417965909878
0.0002846779752168713
0.0002816900533357297
0.0026574735043546393
0.0003057846981128103
0.00044921524858711133
0.00029601942733913425
0.0003032160325565741
0.0005474385307691065
0.00027831422027247956
0.002379889015688528
0.0034662295725917253
0.0002797425332130024
0.0003426422276202972
0.00034872779755917133
0.00028605836301088796
0.0002833144509258846
0.00028558807075194806
0.00028274303443055315
0.0012920259141508302
0.00027478533295193126
0.00027887173145136186
0.00028368698672029966
0.0002855298357028943
0.0002872530583597998
0.0002781457834003231
0.0013261584616788354
0.00028226416193725354
0.0002829554163051011
0.0002866288348767079
0.00027939046206652585
0.00028492081290229276
0.00028302832433863885
0.0002855105766839607
0.0002809954908558671
0.00027590118493540716
0.0037172159638434294
0.00028040298353676935
0.00028535204989377764
0.00028570930055758965
0.0002787058021210162
0.00028481617587388427
0.000272431531756232
0.0002895272765989169
0.00029460478552592893
0.0006990997615100042
0.0002837905961288439
0.00028621719341864727
0.00029347165973238814
0.0002739288301859223
0.002624179336997216
0.0002858664891995513
0.00028249274322883586
0.0002789038977227614
0.0002829026444045796
0.00029149874960864285
0.0008923312186568202
0.0002864181770181869
0.0010592346265840492
0.00027911310551328853
0.0012507944502178514
0.0003213712814816083
0.00041889371934451846
0.00028079543290218206
0.0002825894821540044
0.00029135516950119106
0.0002815841370757224
0.0002764704616820951
0.0015182528013459862
0.0002877678213181758
0.00028482926517393024
0.0002861589888267591
0.0002904544216136008
0.0010957727928533815
0.00027299957611863555
0.004562301452995711
0.00027851500396166
0.0021803971105818086
0.0002861068335027332
0.0002835713060986868
0.00027615529506576386
0.0002867387109581445
0.001035211699372607
0.00028265385787442076
0.00029294341434749353
0.000282374465599092
0.0002857660005836854
0.0002833131386839126
0.0015390596623143151
0.000275404120388519
0.0002873541253821827
0.0002800778007027354
0.0002767167835596653
0.00032565428855040935
0.0003278929324512167
0.0003802962050473974
0.00028076718578940124
0.00028881870782020814
0.00028266520985419476
0.0002882357237814848
0.00033052756149325196
0.00032039846846948543
0.000329608784365174
0.00031627351875084604
0.0027762316097006104
0.00034277371974042795
0.0004569987500687671
0.000321121958155152
0.0018206267160345146
0.0003311273392456937
0.00032699817633442027
0.0003092238552019814
0.00032002244027613103
0.0003196016424192464
0.00033060299007075763
0.0003392093053463039
0.0005709208563334684
0.0003380010776010826
0.0005849730764282775
0.0018434029825087545
0.0003200690382190422
0.00032995177348845524
0.0003162835039676277
0.00031118105090927896
0.0003287968302102825
0.0007946015234374807
0.001559713410680453
0.00031905838478791366
0.0003174089622816665
0.00032350134504353554
0.00032750579275002856
0.0003167636486074584
0.00032300456463878825
0.0003498422031050809
0.0005073487367032076
0.0006707896133946293
0.0003269781148527654
0.0003230338901761188
0.0003383092599390898
0.0007780984555661999
0.0009696190853552447
0.000326653646365404
0.0003247100119820098
0.0003231801705936705
0.0003156042756168061
0.0011696377205074773
0.0021925512679931867
0.00032078237850992363
0.0003223965965418327
0.0009182784552160836
0.00032027623868461876
0.00032184244294023237
0.0003233313452037168
0.0003248615485416857
0.00031706125114926354
0.0003203430694875899
0.0003262737618281579
0.0003303993997150885
0.00032011801699145386
0.00032699908226031143
0.0003328394954194407
0.0018990402399598908
0.0003207949883654306
0.0003628808407912546
0.0003594353316474636
0.0003218417893777244
0.0003213473954605919
0.00031965033720067465
0.00031754723493214877
0.0026037695621019714
0.00032364238390203035
0.00032710431629904364
0.0006766864305894757
0.0003288702241248372
0.0003279490081930784
0.0007327524716529099
0.00031654749773626445
0.00032146028761677754
0.0020336525052432135
0.000322159891475084
0.0003169440827131904
0.0003106630929818909
0.00035323203839842244
0.00039026105252252857
0.00031464543600989763
0.0013798360637979896
0.00032126975613485444
0.001844979489837037
0.0003170737167630109
0.00031531289410082397
0.00031692829725295295
0.00403849722316928
0.0003210051223098125
0.0003241106718737041
0.002271624727863571
0.00031773422062505654
0.0003166915202669705
0.0003151772340336843
0.00033596413199739886
0.00031546669077090546
0.0003246767081503444
0.0003169595491712525
0.00138501917046662
0.0003318322219696581
0.0003263508797111933
0.00033781241677039147
0.0005381939241977038
0.000318311884600964
0.00031600493003295917
0.001307095091568848
0.003602628555192726
0.0003236845202724234
0.0012958788745305744
0.0003352361184924334
0.00033439558244079067
0.0003231654838574248
0.00031805947847172517
0.00035894750044618154
0.00035747797567303415
0.003450727814993016
0.0003523896668326776
0.0003608008800309007
0.000359929534502101
0.0019232992753640415
0.00038147300347879246
0.0004240858031616859
0.0007851447615090045
0.0003592327184180329
0.00036834023381108967
0.00038262410976831003
0.000434437188153087
0.000364757729313028
0.001270290168889024
0.0003586483031513191
0.00037354817441657723
0.00035517478320649097
0.00036709919560246485
0.0003681048602367764
0.0003589535147630868
0.00036856503550086446
0.0003512106805998482
0.0010882895009516151
0.00035212505026476626
0.0019614914601878567
0.0003692063958141712
0.0003570415839679547
0.0003666097684390662
0.00036244975711861014
0.003103884104151112
0.0003563592063031742
0.0015801606642554169
0.00037355310090887413
0.00036710365605781894
0.0003521133436780682
0.0011406208363067254
0.0018643237760540235
0.00035651591580677727
0.00036567959878859276
0.00036129919675763036
0.00037187300688198223
0.00037036624250603187
0.00035819247514322014
0.0012860043172321267
0.00036373542380719004
0.00036411230798287763
0.0003824111039074143
0.000617322724167419
0.00036126468979806435
0.0003598428607801339
0.0003634220413758753
0.0003585267315197751
0.0003546938836452462
0.00036658036088567077
0.0007229000907649762
0.0003721717028994037
0.00036608953073208523
0.0003522462525333498
0.002016574020986743
0.0022898743665030865
0.0003985148575940022
0.00040000261931639374
0.0003903503573257443
0.0004344554524842567
0.00040165288368018546
0.00040146863157596534
0.0004155091719625249
0.0003939155366003325
0.0004078553335132009
0.0003985596320091153
0.00040678186414958505
0.0016265266413495168
0.0003948371050936992
0.00039617748027547266
0.0007398930282701194
0.0004113936990262303
0.00039552606030588945
0.0003950866446925842
0.00039703411929240955
0.00038390393744094686
0.00040256355022831467
0.0004002413633768302
0.003472445818323141
0.00041959651375389305
0.0007179557921240328
0.00039879293336555723
0.00040736482819363364
0.00040090145339806297
0.002810143305675577
0.00039968713519293754
0.00039424912110442754
0.00040877223074992715
0.0004015653913497561
0.000404033519229437
0.000494381051681667
0.00040983887830446533
0.0006623782640753253
0.0003926744393791707
0.00039638460525109794
0.0003996098606206027
0.0004006692198816466
0.0006241519501354929
0.00038987447957237743
0.0009594272035073384
0.00321690367390843
0.00040432534362129795
0.0008650523879508359
0.00039424386130899273
0.0015860102339147453
0.003128318225659161
0.00040452554402267715
0.001030494432676139
0.0003930384490354416
0.00039877468388184293
0.0003993773967143807
0.00040026314851133717
0.0011945740448482502
0.00041361804638269297
0.00045284890633773696
0.00043315459197233784
0.0017573207819678181
0.00043192441783164486
0.0004509762961430891
0.0004394151299398415
0.0004269213749234892
0.00199758239609239
0.0004449244564709706
0.00044136062726374395
0.0004328901208995272
0.00043276122123984815
0.0004264611625491874
0.002001775411850059
0.0004414991542631517
0.00043757914160960263
0.00043189436783213405
0.001262340257580976
0.0004398766668440887
0.0004324810015307972
0.00043412579510974047
0.0010824265857496762
0.0004487868011511867
0.0004513524695301118
0.0005026389664677843
0.0004237400774830137
0.0004401897659118965
0.0007697372506223857
0.0004265196784002198
0.00043919682978025735
0.0004465027374890697
0.0012084223465734316
0.00044893577230524566
0.0004359103869070166
0.00048733532630939203
0.00047153653570619814
0.00046661460632494816
0.0011778480919679057
0.0004760908114257744
0.00046681195634834305
0.0004726085463112583
0.0016471063697643781
0.00046859517603214923
0.00045027555792352745
0.0004778693972905471
0.0004698707865594866
0.0016735765374493296
0.001768082353079671
0.00045669201025437685
0.00048551624509144835
0.0004641780534595654
0.0005355956661613502
0.0004690622448707103
0.0012711767372877488
0.00046356073682273386
0.002534772272969595
0.0004739809410052589
0.00046740592537812255
0.00046486922325879543
0.00046319098866076105
0.0004714913480626188
0.0004972492406080382
0.0005174770040823519
0.0007640546642091121
0.00046542915771582684
0.00046915648340269887
0.00046712720100140846
0.0004663665277361403
0.002303946334351389
0.0004755945503165972
0.0005149941282458561
0.0005188109934858447
0.0007065047951389972
0.0005132473911162632
0.0005202540768540214
0.0015379430760162536
0.0005083234664342274
0.0005187248216391376
0.0007564954478849499
0.001047414373199036
0.0005090159183891582
0.0005082957504131067
0.0005273394152026398
0.0005143626082718015
0.0005130544852908754
0.0005010591211139632
0.0017468928325646126
0.0005020753934827811
0.0004920699538919678
0.0005074922458563257
0.0009896549420628303
0.0017393466505429504
0.002367036993149854
0.0005112288324093282
0.0005139028459079211
0.0018959834010373097
0.0005159620098056753
0.0005082448028802372
0.0011127840515470552
0.0005727004745138487
0.0021620354869811135
0.0027936228058588197
0.0005463200091056985
0.001368507134187589
0.0005382329701592272
0.0005425585511141909
0.000554306358877387
0.0005426766479320779
0.0005419284908038094
0.0005461625132948356
0.0005531210799274228
0.0005594009517102111
0.0017883294380782165
0.0005314231090921478
0.0005474064226162728
0.0005532292893361985
0.001282123463305317
0.0014378560688883672
0.000545845838459974
0.0006327078171495651
0.0005501709726376111
0.0005735773169847574
0.0014674633296405727
0.0006007649366976384
0.0005961349018645172
0.0005824166557570923
0.000585958394986153
0.0005838882565453585
0.0005761078976167239
0.0011046797924784341
0.0005921517874849137
0.001266433392555465
0.0005976937314736685
0.0005628331817516614
0.0005959804779421365
0.000582757665895245
0.0007781515049009674
0.0005674800182919242
0.0018326225233323851
0.002507504118415646
0.0005961502320322892
0.0005870338317515261
0.0005984341276501129
0.0005782499866011046
0.0011975904108254961
0.0006338710032877813
0.0006064958556495444
0.0006164615250002695
0.000622019590487065
0.0006216791393024162
0.0006213368329626398
0.001818367145120492
0.0006182539875978522
0.0006607220590583318
0.001280838735701977
0.0006539864871064627
0.0006398485047830839
0.0006621106775915693
0.0006796377123547774
0.00065411854732316
0.0013063043334942722
0.0017371885794595931
0.0006941564414780032
0.0006827010380209054
0.0006915500371218864
0.0006888463129518323
0.0012600836066638565
0.0007151611538729503
0.0011546587410926608
0.0006967397795388328
0.0007005119577095624
0.0010077285974891188
0.0007093587108212575
0.0011569383500116327
0.0007246714007133213
0.0007331756225026479
0.0007292968753780951
0.0008989827080403088
0.0010442745171206547
0.0007240233527295415
0.000735643231889877
0.0007212425324046257
0.0007573879130165028
0.0007849776327502183
0.0014677893946755738
0.0007705669309416806
0.0007849172288406203
0.0007581079577603215
0.0007928274817107198
0.0008074208739563747
0.0007948369858249367
0.000816023078701888
0.001167559640492525
0.0008143120972027516
0.0008083775411134889
0.0008484035165339241
0.0011241925349313765
0.0009281359115329941
0.001409725829074484
0.0008948344420839429
0.0008665869637718605
0.0008817462062395218
0.0008630141867645192
0.0008712087297495295
0.0009166389548280323
0.0009093140112243533
0.0009122827536734236
0.0017551386471603798
0.0017568889023137062
0.0008857122103931401
0.0014258412214946871
0.0008990832207590771
0.0009588408003125416
0.0009822963076491298
0.000983917922833694
0.0009913386312820796
0.00097953582343082
0.00109762528308786
0.0009747959703525442
0.001153902915429335
0.0009936392096500679
0.0010153937694636036
0.0011445033222040873
0.0010516151106594194
0.0017686966963859606
0.0011060756641443933
0.0010966524719322659
0.0011031008077481022
0.001086783568403196
0.0011024961925409247
0.0011306806975258507
0.0011583130740360238
0.0018884937706224456
0.0011979575339331372
0.001558338580785793
0.0012455555213387022
0.0012538425001638602
0.0014569792700167906
0.001523320522785123
