5
8
3
3
3
2
123
368
38
76
182
161
67
202
167
182
312
145
107
256
188
88
100
89
106
70
75
101
120
116
115
137
79
124
104
93
50
125
57
105
59
38
92
110
44
133
48
63
60
155
225
132
56
59
157
85
161
77
72
40
55
85
38
116
98
139
118
76
142
122
120
119
167
114
119
124
113
75
81
64
54
53
64
125
194
94
76
60
144
74
62
65
86
106
96
77
6
74
74
75
74
74
74
76
14
6
74
94
7
77
76
74
74
80
76
37
74
74
76
75
74
75
74
77
74
70
75
76
74
77
77
79
122
74
75
75
79
102
107
74
74
74
77
75
74
74
74
74
78
74
77
74
74
80
12
5
42
49
15
12
103
37
1
34
1
1
18
2
65
26
27
12
7
12
7
4
4
2
10
9
55
1
35
35
35
35
35
35
35
25
35
35
35
35
25
26
24
24
24
25
24
25
25
24
35
24
25
25
12
65
7
3
3
3
3
19
19
19
19
19
19
13
27
19
93
1
1
71
60
49
4
4
4
3
3
3
43
6
8
10
38
17
47
29
9
8
12
23
6
14
20
20
15
7
18
6
43
74
17
23
21
37
112
100
72
71
24
30
25
25
24
18
21
8
8
8
12
63
2
62
54
40
36
129
8
14
4
8
13
32
44
41
61
17
19
43
19
19
19
19
19
19
19
19
38
67
47
38
74
10
49
45
13
32
6
2
2
2
2
2
2
2
1
24
3
11
7
7
8
10
10
6
4
2
5
1
1
1
26
20
6
19
19
19
37
2
1
4
7
10
55
3
1
2
2
1
1
2
2
5
4
3
44
33
31
33
10
26
12
24
12
8
8
7
19
3
8
9
4
2
1
1
4
7
4
1
1
1
1
1
19
8
10
15
8
1
1
9
16
5
5
19
14
7
68
3
3
1
6
1
1
2
2
2
4
2
2
2
1
8
1
1
1
1
9
10
13
8
11
7
1
6
9
1
7
1
8
9
4
9
41
40
6
2
2
1
35
35
24
8
18
10
1
2
3
2
1
2
8
71
28
54
28
1
11
4
22
12
6
4
5
1
2
2
1
1
1
1
5
8
5
4
1
1
1
1
6
4
4
9
4
25
4
3
5
2
1
2
2
10
12
4
5
5
1
2
1
7
3
1
5
2
2
6
3
3
1
10
1
2
2
1
4
3
2
1
1
1
8
1
1
3
1
2
4
1
1
1
1
1
1
2
10
6
1
5
1
1
1
1
1
1
4
4
1
2
3
4
7
7
2
6
14
1
7
1
1
4
4
1
5
1
4
1
8
8
2
1
4
6
7
1
4
3
1
1
1
1
4
1
13
1
19
2
1
1
1
3
1
2
1
1
3
2
1
1
1
1
2
3
2
4
1
1
3
5
5
4
3
1
1
1
1
2
1
1
1
1
1
1
2
1
2
1
1
3
2
2
1
8
1
1
1
1
1
1
1
8
5
4
5
5
1
1
1
1
1
1
1
1
6
3
1
1
7
3
2
1
1
4
5
2
9
4
2
24
1
2
1
2
1
1
2
1
1
1
1
2
4
1
84
1
1
1
2
10
1
1
1
1
1
1
1
1
1
1
1
1
1
1
1
1
1
1
1
1
1
1
1
1
1
1
1
1
1
1
1
1
1
1
1
1
1
1
1
1
1
1
1
1
1
1
1
1
1
1
1
1
1
1
1
1
1
1
1
1
1
1
1
1
1
1
1
1
1
1
1
1
1
1
1
1
1
2
1
1
1
1
1
1
1
1
1
1
2
1
1
1
1
1
1
1
1
1
1
1
1
1
1
1
1
1
1
1
1
1
1
1
1
1
1
1
1
1
1
1
1
1
1
1
1
1
1
1
1
1
1
1
1
1
1
1
1
1
1
1
3
1
2
5
1
2
1
1
1
1
1
1
1
1
1
1
1
1
1
1
1
1
1
1
1
1
1
1
1
1
1
1
1
1
1
1
2
1
1
1
1
1
1
1
1
1
1
1
1
1
1
1
1
1
1
1
1
2
2
4
24
1
1
1
1
7
3
1
6
3
