3
3
3
3
3
2
53
74
38
48
74
74
49
74
53
74
49
53
49
74
74
49
49
49
53
49
49
49
53
53
49
53
53
53
49
49
46
53
48
53
49
38
53
53
43
53
44
49
49
74
74
53
39
48
74
49
53
49
44
39
47
49
38
49
53
74
74
53
74
74
74
74
74
74
74
74
74
53
53
53
53
53
53
53
53
53
53
53
53
53
53
53
53
53
48
74
6
74
74
74
74
74
74
74
11
6
74
74
7
74
74
74
74
74
74
16
74
74
74
74
74
74
74
74
74
49
74
74
74
74
74
74
74
74
74
74
74
49
74
74
74
74
74
74
74
74
74
74
74
74
74
74
74
74
8
5
17
19
12
12
74
26
1
31
1
1
14
2
44
24
24
8
7
8
7
4
4
2
8
9
46
1
25
25
25
25
25
25
25
25
25
25
25
25
25
25
24
24
24
25
24
25
25
24
25
24
25
25
10
46
7
3
3
3
3
19
19
19
19
19
19
8
16
13
49
1
1
49
46
41
4
4
4
3
3
3
40
6
6
6
13
10
12
8
6
6
8
8
6
10
10
12
10
6
17
6
23
49
17
17
17
34
49
49
49
49
24
26
25
25
24
16
13
8
8
8
8
48
2
48
45
36
36
53
7
13
4
8
13
29
37
40
49
16
19
19
19
19
19
19
19
19
19
19
38
49
42
38
49
10
44
41
12
18
6
2
2
2
2
2
2
1
1
13
3
7
7
7
7
7
4
4
4
2
4
1
1
1
19
18
6
19
19
19
30
2
1
2
7
8
37
3
1
1
2
1
1
2
2
4
4
3
37
30
29
30
10
25
9
24
9
8
8
7
11
3
7
7
4
2
1
1
4
7
4
1
1
1
1
1
10
8
10
10
6
1
1
6
8
5
5
19
12
7
49
3
2
1
6
1
1
2
2
2
2
2
2
2
1
8
1
1
1
1
7
8
10
7
10
7
1
6
7
1
5
1
8
8
4
7
39
39
6
2
2
1
25
25
24
8
17
10
1
2
3
1
1
2
7
49
28
46
28
1
8
4
22
8
4
3
5
1
2
2
1
1
1
1
5
7
4
4
1
1
1
1
6
4
4
8
4
25
4
3
5
2
1
2
2
10
7
4
4
5
1
2
1
7
3
1
3
2
2
6
3
3
1
9
1
2
2
1
4
3
2
1
1
1
7
1
1
2
1
2
4
1
1
1
1
1
1
2
10
6
1
5
1
1
1
1
1
1
4
2
1
2
2
4
7
7
2
6
12
1
7
1
1
4
4
1
5
1
4
1
8
8
1
1
4
4
4
1
4
3
1
1
1
1
3
1
11
1
19
1
1
1
1
2
1
2
1
1
2
2
1
1
1
1
2
2
2
4
1
1
3
5
4
4
3
1
1
1
1
2
1
1
1
1
1
1
2
1
2
1
1
3
2
2
1
8
1
1
1
1
1
1
1
8
5
4
5
5
1
1
1
1
1
1
1
1
6
3
1
1
7
2
2
1
1
4
4
2
9
3
2
24
1
1
1
2
1
1
2
1
1
1
1
2
4
1
74
1
1
1
2
8
1
1
1
1
1
1
1
1
1
1
1
1
1
1
1
1
1
1
1
1
1
1
1
1
1
1
1
1
1
1
1
1
1
1
1
1
1
1
1
1
1
1
1
1
1
1
1
1
1
1
1
1
1
1
1
1
1
1
1
1
1
1
1
1
1
1
1
1
1
1
1
1
1
1
1
1
1
2
1
1
1
1
1
1
1
1
1
1
2
1
1
1
1
1
1
1
1
1
1
1
1
1
1
1
1
1
1
1
1
1
1
1
1
1
1
1
1
1
1
1
1
1
1
1
1
1
1
1
1
1
1
1
1
1
1
1
1
1
1
1
3
1
2
5
1
2
1
1
1
1
1
1
1
1
1
1
1
1
1
1
1
1
1
1
1
1
1
1
1
1
1
1
1
1
1
1
2
1
1
1
1
1
1
1
1
1
1
1
1
1
1
1
1
1
1
1
1
2
2
2
24
1
1
1
1
7
3
1
6
3
