0.6
0.32142857142857145
1.0
1.0
1.0
1.0
0.48287351725976274
0.11712178651818506
1.0
0.5270175438596492
0.3936615870317528
0.4763198757763975
0.8453188602442334
0.35461307324762326
0.36757809681841136
0.4189180984761095
0.08706406134058867
0.4412835249042146
0.4845706224651737
0.23658088235294117
0.37416088292183414
0.5653082549634274
0.6523232323232323
0.7139938712972421
0.6510332434860737
0.7080745341614907
0.6403603603603604
0.6144554455445544
0.5759103641456582
0.5859070464767616
0.5273836765827612
0.5030055817947617
0.79227523531321
0.5672698662470496
0.6249066467513069
0.6991584852734923
0.9510204081632653
0.5656774193548387
0.8120300751879699
0.5474358974358975
0.8977206312098188
1.0
0.7092689918776875
0.6253544620517097
0.9556025369978859
0.5072909546593757
0.875886524822695
0.8417818740399385
0.8536723163841808
0.4912442396313364
0.30126984126984124
0.5180430256766134
0.5149350649350649
0.7971946230274694
0.44822799281398007
0.684593837535014
0.3876552795031056
0.709501025290499
0.42683881064162754
0.9641025641025641
0.8208754208754209
0.572829131652661
1.0
0.4512743628185907
0.6806227645697455
0.465436346574914
0.6084311169056932
0.5803508771929825
0.4626910398561582
0.6061509280585287
0.5866946778711485
0.6036177182737502
0.43056056561575645
0.6450861667442943
0.6014812704742915
0.5718594282717021
0.6558154235145386
0.661981981981982
0.7253086419753086
0.7395833333333334
0.9804332634521313
1.0
0.7762896825396826
0.3713548387096774
0.23422894076171144
0.6941203385952871
0.7947368421052632
0.8519774011299435
0.4648407148407148
0.8111810440577564
0.8313061872025383
0.7822115384615385
0.6878248974008208
0.6107816711590297
0.3414473684210526
0.9299384825700615
1.0
1.0
1.0
0.9863063063063063
1.0
1.0
1.0
0.9673684210526315
0.7142857142857143
1.0
1.0
0.7350720658888126
0.9047619047619048
0.9487354750512645
0.9673684210526315
1.0
1.0
0.8740506329113924
0.9533333333333334
0.27927927927927926
1.0
1.0
0.9673684210526315
0.9863063063063063
1.0
0.9863063063063063
1.0
0.9381408065618592
1.0
0.7188405797101449
0.976936936936937
0.9673684210526315
1.0
0.9439507860560492
0.9487354750512645
0.9045764362220059
0.5500609673485978
1.0
0.9863063063063063
0.9863063063063063
0.9000324569944823
0.5975538730343622
0.5559865984835126
1.0
1.0
1.0
0.9487354750512645
0.9863063063063063
1.0
1.0
1.0
1.0
0.9197469197469198
1.0
0.9487354750512645
1.0
1.0
0.884493670886076
0.5454545454545454
0.9
0.19396051103368175
0.288265306122449
0.638095238095238
0.9848484848484849
0.6226917951646678
0.509009009009009
0.0
0.7629233511586453
0.0
0.0
0.6405228758169934
0.0
0.4528846153846154
0.7046153846153846
0.7207977207977208
0.6212121212121212
1.0
0.6363636363636364
1.0
1.0
1.0
0.0
0.4444444444444444
0.8888888888888888
0.7676767676767676
0.0
0.8151260504201681
0.8151260504201681
0.8151260504201681
0.8151260504201681
0.8151260504201681
0.8151260504201681
0.8151260504201681
1.0
0.8151260504201681
0.8151260504201681
0.8151260504201681
0.8151260504201681
1.0
0.9230769230769231
1.0
1.0
1.0
1.0
1.0
1.0
1.0
1.0
0.8151260504201681
1.0
1.0
1.0
0.6818181818181818
0.6519230769230769
0.9523809523809523
1.0
1.0
1.0
1.0
1.0
1.0
1.0
1.0
1.0
1.0
0.47435897435897434
0.4358974358974359
0.391812865497076
0.47639083683964467
0.0
0.0
0.5871227364185111
0.7197740112994351
0.7534013605442177
1.0
1.0
1.0
1.0
1.0
1.0
0.8637873754152824
0.9333333333333333
0.7142857142857143
0.4666666666666667
0.20768136557610242
0.5367647058823529
0.17946345975948197
0.2315270935960591
0.7222222222222222
0.8214285714285714
0.5151515151515151
0.30434782608695654
1.0
0.7032967032967034
0.39473684210526316
0.5105263157894737
0.6190476190476191
0.9047619047619048
0.7712418300653595
1.0
0.3698781838316722
0.6952980377637912
0.8529411764705882
0.5889328063241107
0.6095238095238096
0.8213213213213213
0.5378056628056628
0.42767676767676766
0.7566510172143975
0.7199195171026157
0.9855072463768116
0.7793103448275862
1.0
1.0
1.0
0.8104575163398693
0.4714285714285714
1.0
1.0
1.0
0.5606060606060606
0.7547363031233999
1.0
0.6483342147012163
0.8050314465408805
0.8641025641025641
1.0
0.5479651162790697
0.6428571428571429
0.945054945054945
1.0
0.5357142857142857
0.9615384615384616
0.7278225806451613
0.8435517970401691
0.9048780487804878
0.8677595628415301
0.8161764705882353
1.0
0.2724252491694352
1.0
1.0
1.0
1.0
1.0
1.0
1.0
1.0
1.0
0.8367254635911352
0.9481961147086031
1.0
0.7430581266197704
0.9111111111111111
0.8231292517006803
0.8222222222222222
0.7692307692307693
0.42338709677419356
1.0
1.0
1.0
1.0
1.0
1.0
1.0
0.0
0.0
0.3007246376811594
1.0
0.41818181818181815
1.0
1.0
0.7857142857142857
0.5777777777777777
0.37777777777777777
0.8
1.0
1.0
0.9
0.0
0.0
0.0
0.6369230769230769
0.6631578947368421
1.0
1.0
1.0
1.0
0.7207207207207207
1.0
0.0
0.3333333333333333
1.0
0.8444444444444444
0.622895622895623
1.0
0.0
0.0
0.0
0.0
0.0
1.0
1.0
0.8
1.0
1.0
0.8435517970401691
0.8276515151515151
0.9075268817204301
0.9071969696969697
0.9555555555555556
0.9076923076923077
0.6818181818181818
0.9963768115942029
0.6212121212121212
0.8571428571428571
0.8928571428571429
1.0
0.5672514619883041
1.0
0.75
0.6666666666666666
1.0
1.0
0.0
0.0
1.0
0.9047619047619048
1.0
0.0
0.0
0.0
0.0
0.0
0.49122807017543857
1.0
1.0
0.6666666666666666
0.7142857142857143
0.0
0.0
0.6666666666666666
0.2833333333333333
1.0
1.0
0.9707602339181286
0.8461538461538461
0.9047619047619048
0.699297629499561
0.3333333333333333
0.3333333333333333
0.0
1.0
0.0
0.0
1.0
1.0
1.0
0.3333333333333333
1.0
1.0
1.0
0.0
1.0
0.0
0.0
0.0
0.0
0.5555555555555556
0.5777777777777777
0.5512820512820513
0.75
0.8727272727272727
1.0
0.0
1.0
0.5
0.0
0.3333333333333333
0.0
1.0
0.8055555555555556
1.0
0.6111111111111112
0.9280487804878049
0.9166666666666666
1.0
1.0
1.0
0.0
0.8151260504201681
0.8151260504201681
1.0
1.0
0.8823529411764706
0.8444444444444444
0.0
1.0
1.0
0.0
0.0
0.0
0.5
0.7814889336016096
1.0
0.8546470999301188
1.0
0.0
0.45454545454545453
1.0
1.0
0.3787878787878788
0.2
0.3333333333333333
0.9
0.0
1.0
1.0
0.0
0.0
0.0
0.0
1.0
0.6071428571428571
0.8
1.0
0.0
0.0
0.0
0.0
0.8
1.0
1.0
0.6111111111111112
1.0
1.0
1.0
1.0
1.0
1.0
0.0
1.0
1.0
0.7555555555555555
0.3333333333333333
1.0
0.4
0.8
0.0
1.0
0.0
1.0
0.6666666666666666
0.0
0.4
1.0
1.0
1.0
1.0
1.0
0.0
0.9111111111111111
0.0
1.0
1.0
0.0
1.0
0.6666666666666666
1.0
0.0
0.0
0.0
0.6071428571428571
0.0
0.0
0.3333333333333333
0.0
1.0
1.0
0.0
0.0
0.0
0.0
0.0
0.0
1.0
0.8888888888888888
1.0
0.0
0.5
0.0
0.0
0.0
0.0
0.0
0.0
1.0
0.3333333333333333
0.0
1.0
0.6666666666666666
1.0
1.0
1.0
1.0
1.0
0.7692307692307693
0.0
1.0
0.0
0.0
1.0
1.0
0.0
1.0
0.0
0.6666666666666666
0.0
1.0
1.0
0.0
0.0
1.0
0.8
0.6666666666666666
0.0
1.0
1.0
0.0
0.0
0.0
0.0
0.5
0.0
0.47435897435897434
0.0
1.0
0.0
0.0
0.0
0.0
0.3333333333333333
0.0
1.0
0.0
0.0
0.0
0.0
0.0
0.0
0.0
0.0
1.0
0.6666666666666666
1.0
1.0
0.0
0.0
1.0
0.4
0.9
1.0
1.0
0.0
0.0
0.0
0.0
1.0
0.0
0.0
0.0
0.0
0.0
0.0
1.0
0.0
1.0
0.0
0.0
1.0
1.0
1.0
0.0
1.0
0.0
0.0
0.0
0.0
0.0
0.0
0.0
1.0
0.9
1.0
1.0
1.0
0.0
0.0
0.0
0.0
0.0
0.0
0.0
0.0
1.0
1.0
0.0
0.0
1.0
0.3333333333333333
1.0
0.0
0.0
1.0
0.8
0.0
1.0
0.5
1.0
1.0
0.0
0.0
0.0
1.0
0.0
0.0
1.0
0.0
0.0
0.0
0.0
1.0
0.6666666666666666
0.0
0.8304647160068847
0.0
0.0
0.0
1.0
0.6
0.0
0.0
0.0
0.0
0.0
0.0
0.0
0.0
0.0
0.0
0.0
0.0
0.0
0.0
0.0
0.0
0.0
0.0
0.0
0.0
0.0
0.0
0.0
0.0
0.0
0.0
0.0
0.0
0.0
0.0
0.0
0.0
0.0
0.0
0.0
0.0
0.0
0.0
0.0
0.0
0.0
0.0
0.0
0.0
0.0
0.0
0.0
0.0
0.0
0.0
0.0
0.0
0.0
0.0
0.0
0.0
0.0
0.0
0.0
0.0
0.0
0.0
0.0
0.0
0.0
0.0
0.0
0.0
0.0
0.0
0.0
0.0
0.0
0.0
0.0
0.0
0.0
1.0
0.0
0.0
0.0
0.0
0.0
0.0
0.0
0.0
0.0
0.0
1.0
0.0
0.0
0.0
0.0
0.0
0.0
0.0
0.0
0.0
0.0
0.0
0.0
0.0
0.0
0.0
0.0
0.0
0.0
0.0
0.0
0.0
0.0
0.0
0.0
0.0
0.0
0.0
0.0
0.0
0.0
0.0
0.0
0.0
0.0
0.0
0.0
0.0
0.0
0.0
0.0
0.0
0.0
0.0
0.0
0.0
0.0
0.0
0.0
0.0
0.0
0.0
1.0
0.0
1.0
0.8
0.0
1.0
0.0
0.0
0.0
0.0
0.0
0.0
0.0
0.0
0.0
0.0
0.0
0.0
0.0
0.0
0.0
0.0
0.0
0.0
0.0
0.0
0.0
0.0
0.0
0.0
0.0
0.0
0.0
0.0
0.0
0.0
1.0
0.0
0.0
0.0
0.0
0.0
0.0
0.0
0.0
0.0
0.0
0.0
0.0
0.0
0.0
0.0
0.0
0.0
0.0
0.0
0.0
1.0
1.0
0.3333333333333333
1.0
0.0
0.0
0.0
0.0
0.7142857142857143
1.0
0.0
0.8666666666666667
1.0
