0.0011796629672894408
0.001586468529070967
0.0007460552149866481
0.0007460552149866481
0.0007460552149866481
0.0002576775859826452
0.004389596471006062
0.026747142326284883
0.0014172129355173684
0.0034029153284778103
0.006209529284831361
0.0046748239524455
0.0022681263644605
0.0064282278673884145
0.005993087083998355
0.005495748603588611
0.045272679958646624
0.0049230034429963935
0.004061304993677147
0.010513436287784294
0.006389887324910243
0.003718971758569003
0.0033064763544181862
0.002966651258542305
0.0034004628414660695
0.002664541678267695
0.002860116899354824
0.00336032172875974
0.003862332803097636
0.003757345402526233
0.004228503140640894
0.004442049864956468
0.002547804667921348
0.003979335202637068
0.003439293422335483
0.003095626570991129
0.001741029198753346
0.004005711095591543
0.0019996346104125527
0.003749325062051133
0.0020292758419933037
0.0013946778083610062
0.0029669235593201312
0.0034978609065637366
0.0015698938882497764
0.0043852088189413165
0.0017206522676070921
0.0021938518486553774
0.002062585905326778
0.004516984157351209
0.007446280141189962
0.0042714980896867445
0.0031830014796813706
0.002070184429681809
0.004780583397949834
0.0028615703269590717
0.005737181330777051
0.0026393980583434415
0.0038681707887049587
0.0014728172280889479
0.0019934417366800367
0.0029649819001213904
0.0013878770306528859
0.004237022790064453
0.0031572943797748936
0.004465840716679575
0.0033318236966813175
0.003026824020321727
0.004261256996580398
0.0034492368358830707
0.003563662045805798
0.0033262655259598856
0.005222694904946071
0.003119463069768674
0.0033319474646834285
0.003505080376809331
0.003078056147294493
0.002476580666388758
0.002702556326020688
0.0022741556858009316
0.0017103779226054067
0.0016800139999809812
0.002109163741152827
0.0049811845388835286
0.00938051060544848
0.003032020834007762
0.0024709751351674383
0.001980837542807444
0.00486999909852509
0.0024224447205997315
0.0019595596157151326
0.0022128898309838434
0.0028794853024437395
0.003404254767147686
0.004258475099846063
0.00208956305309529
0.00038369443543145176
0.0019522826850690619
0.0019522826850690619
0.0019838872804242968
0.0019522826850690619
0.0019522826850690619
0.0019522826850690617
0.0020121588691333937
0.0006282792158685348
0.0003679949280375959
0.0019522826850690617
0.0026335803181812842
0.00039660742294045934
0.0020431203607876587
0.0020121588691333946
0.0019522826850690617
0.0019522826850690623
0.002202358154759352
0.002036119763183084
0.0025191999344055475
0.0019522826850690619
0.0019522826850690619
0.0020121588691333937
0.0019838872804242968
0.0019522826850690619
0.0019838872804242968
0.0019522826850690619
0.002095580181619623
0.0019522826850690619
0.0024201970701801584
0.001986975143304616
0.0020121588691333946
0.0019522826850690617
0.002058045309984085
0.0020431203607876583
0.0021317526960396046
0.0036232622730514243
0.0019522826850690619
0.0019838872804242968
0.0019838872804242968
0.0021403005992739746
0.0033669739519132974
0.0032211930585387006
0.0019522826850690617
0.0019522826850690617
0.0019522826850690617
0.0020431203607876587
0.0019838872804242963
0.0019522826850690619
0.0019522826850690619
0.0019522826850690619
0.0019522826850690619
0.0021267202369482665
0.0019522826850690623
0.002043120360787659
0.0019522826850690619
0.0019522826850690619
0.0021754409310685524
0.0008107831507401285
0.00043572643736468895
0.003154338069413107
0.0026014879552866436
0.0007577121135682879
0.0005407041342323237
0.002971726842895152
0.001402994620507277
0.00022734299232806776
0.0013914662578946974
0.00028890195229951224
0.00022037719302831713
0.0011607727648997564
0.0002245357761151798
0.002421349900651834
0.0009485727956641372
0.0008986860147532484
0.0006874917159017301
0.0005410839442420297
0.0007872857480885102
0.0005410839442420297
0.0011037527593818985
0.0011037527593818985
0.0003597536998847211
0.0008335490992559362
0.000465469510166822
0.0019633662252507493
0.00020047078963926002
0.001390445873557655
0.001390445873557655
0.0013904458735576552
0.001390445873557655
0.0013904458735576552
0.0013904458735576552
0.0013904458735576552
0.0010357852361300055
0.0013904458735576552
0.001390445873557655
0.001390445873557655
0.0013904458735576552
0.0010357852361300057
0.00120581721623806
0.0009973050055257194
0.0009973050055257194
0.0009973050055257194
0.0010357852361300055
0.0009973050055257194
0.0010357852361300057
0.0010357852361300057
0.0009973050055257194
0.001390445873557655
0.0009973050055257194
0.0010357852361300057
0.001035785236130006
0.0006398460924539776
0.0023044612076690233
0.0003907344262675451
0.0011037527593818985
0.0011037527593818985
0.0011037527593818985
0.0011037527593818985
0.0011667467371455384
0.0011667467371455384
0.0011667467371455384
0.0011667467371455384
0.0011667467371455384
0.0011667467371455384
0.0007966939925959707
0.0016370244579456878
0.0012676193860759882
0.004072121613049038
0.00028890195229951224
0.00019661004758094296
0.002904907257960472
0.0022804279149655857
0.0018392715260867644
0.0006675570287345279
0.0006675570287345279
0.0006675570287345279
0.0005524289930236659
0.0005524289930236659
0.0002641474658115241
0.0015907852966669494
0.0007487894183776878
0.001018537054438616
0.0014580269698433834
0.0033138270048543557
0.0013931012921019914
0.004225888539762771
0.002541508382313299
0.0008899819532982148
0.0008016549803800945
0.0009714925664678407
0.00204017985670533
0.0006241807385746108
0.0011203785982279754
0.0019517548435476256
0.0012839799781779245
0.0011296956729883027
0.0007085672985341621
0.0008792975013501206
0.00042059508535179595
0.0022395204736821886
0.002598288986051786
0.0007810899882335675
0.0011511092393315494
0.0010247642822368115
0.001371333365472075
0.004075153250465313
0.004324283841340796
0.0024579244042537644
0.002420939582147593
0.0009484804905626383
0.0011172576623954213
0.0010357852361300055
0.0010357852361300057
0.0009973050055257194
0.0008962983815573224
0.001019590677554609
0.0005703661989470361
0.0005703661989470361
0.0005703661989470361
0.0006956812623056013
0.002207408598381579
0.00024388139429846477
0.0022279140245518307
0.0019391659979854075
0.001524604331203998
0.0013322752345118075
0.004153985023041205
0.0005369036486332801
0.0006299872965669597
0.00034984083427867937
0.00045669368783364284
0.0005891084208857787
0.0012663957362197941
0.0016560451944296877
0.0014886249154486295
0.002095729330906816
0.0007208982304477144
0.0011667467371455386
0.0031181965513430083
0.0011667467371455384
0.0011667467371455384
0.0011667467371455386
0.0011667467371455384
0.0011667467371455384
0.0011667467371455384
0.0011667467371455384
0.0011667467371455384
0.0014172129355173684
0.0022784910838625446
0.0016884928379600553
0.0014172129355173684
0.002527840577831137
0.0005193441573777144
0.0018178733158243229
0.0017009242548616976
0.0007423785180781297
0.0019538353866091454
0.00038491612963862775
0.0011037527593818985
0.0011037527593818985
0.0011037527593818985
0.0011037527593818985
0.0011037527593818985
0.0011037527593818985
0.0005986636369150728
0.0004199950224689279
0.0021488428922573108
0.0004528995004743795
0.0011107639901307119
0.0008244757352678959
0.0008244757352678959
0.0008690143197458999
0.0010822824572157765
0.0013721428898906568
0.0007851492395404465
0.000607334105541944
0.0004907744015861115
0.0003954238629679948
0.00020983248794608617
0.0011037527593818985
0.0011037527593818985
0.0010829338477825
0.0008042348226277728
0.0004015762270679669
0.0011667467371455384
0.0011667467371455386
0.0011667467371455384
0.0015576585777047403
0.00032015609702226987
0.0003111814400658829
0.0006852637134582338
0.0005068009762169095
0.0006186993565798997
0.002160533891198044
0.00024917497903293617
0.0003885801163994668
0.0005247464151840334
0.0002911807770554563
0.00022734299232806776
0.00022734299232806776
0.0003594140515066018
0.0003594140515066018
0.00045861654033642476
0.0003704194253692585
0.0003086393469484755
0.0016560451944296877
0.001483297967204022
0.0011815876674024855
0.001356342908113884
0.0005490391777918284
0.0010829380595200582
0.0007264986153496577
0.0010334021552816117
0.0008271183428576725
0.0005298354275342065
0.0004488188425113781
0.00045630159151621106
0.0010532832446339786
0.0002917187545330131
0.0005293798418281162
0.0006272526704568318
0.00031553472989472676
0.00031739209275853485
0.00028890195229951224
0.00028890195229951224
0.00027612245909844184
0.00035341188812785846
0.0003732154757798738
0.00020047078963926002
0.00020047078963926002
0.0011037527593818985
0.0011037527593818985
0.00028890195229951224
0.0013626804386577202
0.000566303430558179
0.0008298204485931068
0.0012025341993014962
0.0007990134314676443
0.0002485126409629285
0.00028890195229951224
0.0010769440187421296
0.0016722504243662202
0.0006910261665531019
0.0006910261665531019
0.0007581679214545454
0.0008216165500630844
0.0003923625821570161
0.002430630442411731
0.00033087506663122507
0.000527250180305904
0.00031495047991281726
0.0003644920742615386
0.00021122882748912203
0.00020666308363201534
0.00023901569846647953
0.0007366561304682613
0.0007366561304682613
0.0012141568922537816
0.0002371207789023441
0.0003953791052775318
0.0003953791052775318
0.00028890195229951224
0.0005703661989470361
0.0011037527593818985
0.0011037527593818985
0.0011037527593818985
0.0011037527593818985
0.0009004072539831115
0.0006671465644924023
0.0009178487312265222
0.00047881006384426996
0.0007217043989183884
0.0005286164632718937
0.00022734299232806776
0.00042099257609098337
0.0007083514436044068
0.00021069075597797987
0.0007527331867551536
0.00028890195229951224
0.0005663034305581789
0.0006422426815205212
0.0003732154757798738
0.0006166951127849688
0.0015041708192126883
0.0014976650096079252
0.0006349948090823453
0.0004468977305603077
0.0004468977305603077
0.00022734299232806776
0.001390445873557655
0.001390445873557655
0.0009973050055257194
0.0004335090215035705
0.0006919597696941309
0.0005190948944080253
0.00022734299232806776
0.0002576775859826452
0.00031260822728563327
0.000543861540169407
0.0003967040669694239
0.0002591555900933814
0.0006161156926681045
0.0024200012380969937
0.0011431710566008712
0.0019124563680055023
0.0011431710566008712
0.00022734299232806776
0.0008598360241549909
0.0004687551645844275
0.000970453933642024
0.0012034796421639205
0.0006845335382336889
0.0005634814472069953
0.0005108865109266691
0.00020666308363201534
0.00024388139429846477
0.0002448692293238303
0.00020666308363201534
0.00020666308363201534
0.00020666308363201534
0.00028890195229951224
0.000341871405614838
0.0005537651442762081
0.00043730657677855806
0.0003931883034251116
0.00028949530229794624
0.00028949530229794624
0.0011037527593818985
0.0011037527593818985
0.0005730143323223424
0.0007074030328836064
0.0007074030328836064
0.0006102019605484713
0.000392352771178477
0.0010357852361300055
0.0002762999094331774
0.0002481726080355258
0.00030158027547338946
0.00037296151848666587
0.00022734299232806776
0.0003953791052775318
0.0003953791052775318
0.00048376730118486396
0.0012828609342070301
0.0007074030328836064
0.0003993307797450701
0.00040808926185276965
0.00020362183302975406
0.000262250868060043
0.00028890195229951224
0.0005068009762169095
0.0003419169448477768
0.00019214547230313235
0.0005175965304717811
0.00034864481497555834
0.00034864481497555834
0.00042099257609098337
0.000557695191570973
0.000557695191570973
0.00022734299232806776
0.0005444845843518369
0.00022415044797594695
0.000262250868060043
0.00027551534127830016
0.00022734299232806776
0.0003583633372468812
0.00025137070749854646
0.0002287612181067495
0.0011037527593818985
0.0011037527593818985
0.00024674909739256915
0.0007641047724141047
0.0011037527593818985
0.0011037527593818985
0.0005335284564643105
0.00031672929364493326
0.000319191405969589
0.0011037527593818985
0.0011037527593818985
0.0011037527593818985
0.00022734299232806776
0.0011037527593818985
0.0011037527593818985
0.00022734299232806776
0.0002193602247888445
0.0005171420810127506
0.0003800450486395545
0.00022734299232806776
0.0003749449234404559
0.00028890195229951224
0.0001945634426693543
0.00028890195229951224
0.00028890195229951224
0.00028890195229951224
0.00022734299232806776
0.0003191881796257656
0.0007737279050608667
0.00020666308363201534
0.00029532582254704787
0.000350326600688409
0.0002929651786855776
0.0008244757352678959
0.0008244757352678959
0.00025728909603557203
0.00035742987229539096
0.0006227797610693957
0.00028890195229951224
0.0005410839442420297
0.00022734299232806776
0.00020362183302975406
0.0011037527593818985
0.0011037527593818985
0.00022734299232806776
0.000559724487385109
0.00022720191358799818
0.0003972861416661799
0.00022734299232806776
0.000566303430558179
0.000566303430558179
0.0005247464151840334
0.0003885801163994668
0.000607334105541944
0.0007851492395404465
0.0008455977694628503
0.00022734299232806776
0.0006675570287345279
0.0002890854202736903
0.0011037527593818985
0.0011037527593818985
0.00022734299232806776
0.00022734299232806776
0.0005674975772353344
0.00028615618160552584
0.0007092341316271233
0.00028890195229951224
0.0011667467371455384
0.0005510095364898633
0.00039974198556491544
0.0001944533431040935
0.00028890195229951224
0.001619142898189674
0.0006243200706677888
0.001085774034335066
0.00022940069863467335
0.00023968809359188725
0.0005184388166356509
0.0003742339774885927
0.00022734299232806776
0.00022734299232806776
0.00028890195229951224
0.00028890195229951224
0.001085774034335066
0.00042301440464077416
0.00034705614891861013
0.0007074030328836064
0.00023968809359188725
0.00028890195229951224
0.0002456450663589256
0.0003172524887499756
0.0005813305950997393
0.00047593345037517536
0.0002842142748315018
0.00022343646822164015
0.00028890195229951224
0.00022734299232806776
0.00020047078963926002
0.0004907744015861115
0.0001945634426693543
0.00028890195229951224
0.00028890195229951224
0.00020983248794608617
0.00025440127871476846
0.00022734299232806776
0.000262250868060043
0.00020047078963926002
0.000262250868060043
0.00020047078963926002
0.00020278122457373422
0.0002456895797693651
0.0002857214575286162
0.0003101516406436419
0.00020278122457373422
0.00041906621826771705
0.00028890195229951224
0.00028890195229951224
0.00025440127871476846
0.0011037527593818985
0.0011037527593818985
0.00022734299232806776
0.00020666308363201534
0.0004566806068632157
0.0005685808516032554
0.0004907058053154878
0.00037537340098194223
0.00035376378713740923
0.00020148479426533721
0.0011037527593818985
0.0011037527593818985
0.00021387634159758678
0.00028530273012668066
0.0001945634426693543
0.0001945634426693543
0.0001945634426693543
0.0003818594732942576
0.0002490068165197495
0.0011037527593818985
0.0011037527593818985
0.0008244757352678959
0.0007793903031326003
0.0004714286715543538
0.0003863901976371658
0.00019943495452100666
0.0003511404391139027
0.00039934728285482115
0.0003742339774885927
0.0005188522573103371
0.0005301938160698698
0.0002788032963893664
0.0009973050055257194
0.00028890195229951224
0.0005991664585817278
0.00042020886595720827
0.000262250868060043
0.0011037527593818985
0.0011037527593818985
0.00026337240099132657
0.00022940069863467335
0.0011037527593818985
0.0011037527593818985
0.00020326815108841223
0.0002995413550276826
0.0003426434619012315
0.00022734299232806776
0.0022650238087685085
0.00019287199359083648
0.00020148479426533721
0.00020148479426533721
0.00025634352109013726
0.0005661744809640816
0.00022734299232806776
0.00028890195229951224
0.00020498383332790727
0.00028890195229951224
0.00028890195229951224
0.00028890195229951224
0.00028890195229951224
0.00028890195229951224
0.00028890195229951224
0.00028890195229951224
0.00028890195229951224
0.00028890195229951224
0.00028890195229951224
0.00028890195229951224
0.00028890195229951224
0.00028890195229951224
0.00028890195229951224
0.00028890195229951224
0.00028890195229951224
0.00028890195229951224
0.00028890195229951224
0.00028890195229951224
0.00028890195229951224
0.00028890195229951224
0.00028890195229951224
0.00028890195229951224
0.00028890195229951224
0.00028890195229951224
0.00028890195229951224
0.00028890195229951224
0.00028890195229951224
0.00028890195229951224
0.00028890195229951224
0.00028890195229951224
0.00028890195229951224
0.00028890195229951224
0.00028890195229951224
0.00028890195229951224
0.00028890195229951224
0.00028890195229951224
0.00028890195229951224
0.00028890195229951224
0.00028890195229951224
0.00028890195229951224
0.00028890195229951224
0.00028890195229951224
0.00028890195229951224
0.00028890195229951224
0.00028890195229951224
0.00028890195229951224
0.00028890195229951224
0.00028890195229951224
0.00028890195229951224
0.00028890195229951224
0.00028890195229951224
0.00028890195229951224
0.00028890195229951224
0.00028890195229951224
0.00028890195229951224
0.00028890195229951224
0.00028890195229951224
0.00028890195229951224
0.00028890195229951224
0.00028890195229951224
0.00028890195229951224
0.00028890195229951224
0.00028890195229951224
0.00028890195229951224
0.00028890195229951224
0.00028890195229951224
0.00028890195229951224
0.00028890195229951224
0.00028890195229951224
0.00028890195229951224
0.00028890195229951224
0.00028890195229951224
0.00028890195229951224
0.00035068203072029523
0.00028890195229951224
0.00028890195229951224
0.00028890195229951224
0.00028890195229951224
0.00028890195229951224
0.00028890195229951224
0.00028890195229951224
0.00028890195229951224
0.00028890195229951224
0.00028890195229951224
0.00035068203072029523
0.00028890195229951224
0.00028890195229951224
0.00028890195229951224
0.00028890195229951224
0.00028890195229951224
0.00028890195229951224
0.00028890195229951224
0.00028890195229951224
0.00028890195229951224
0.00028890195229951224
0.00028890195229951224
0.00028890195229951224
0.00028890195229951224
0.00028890195229951224
0.00028890195229951224
0.00028890195229951224
0.00028890195229951224
0.00028890195229951224
0.00028890195229951224
0.00028890195229951224
0.00028890195229951224
0.00028890195229951224
0.00028890195229951224
0.00028890195229951224
0.00028890195229951224
0.00028890195229951224
0.00028890195229951224
0.00028890195229951224
0.00028890195229951224
0.00028890195229951224
0.00028890195229951224
0.00028890195229951224
0.00028890195229951224
0.00028890195229951224
0.00028890195229951224
0.00028890195229951224
0.00028890195229951224
0.00028890195229951224
0.00028890195229951224
0.00028890195229951224
0.00021122882748912203
0.00020033995609109755
0.00022940069863467335
0.00022940069863467335
0.00022940069863467335
0.00028890195229951224
0.00020047078963926002
0.00022734299232806776
0.00028890195229951224
0.00028890195229951224
0.00028890195229951224
0.0002595884786418506
0.00028890195229951224
0.0002650482295091952
0.0004201885141139031
0.00024198869175941126
0.0002273990098571999
0.0011037527593818985
0.0011037527593818985
0.00022734299232806776
0.0011037527593818985
0.0011037527593818985
0.0002625385382896329
0.0011037527593818985
0.0011037527593818985
0.00028890195229951224
0.00022734299232806776
0.0002508094766625347
0.0002485126409629285
0.0001959145770703471
0.00022734299232806776
0.00022734299232806776
0.00022734299232806776
0.00022734299232806776
0.00022734299232806776
0.00022734299232806776
0.00022734299232806776
0.00022734299232806776
0.00022734299232806776
0.00022734299232806776
0.00022734299232806776
0.00022734299232806776
0.00022734299232806776
0.00022734299232806776
0.00022734299232806776
0.00022734299232806776
0.00022734299232806776
0.00025186692746612214
0.00022734299232806776
0.00022734299232806776
0.00022734299232806776
0.00022734299232806776
0.00022734299232806776
0.00022734299232806776
0.00022734299232806776
0.00022734299232806776
0.00022734299232806776
0.00022734299232806776
0.00022734299232806776
0.00022734299232806776
0.00022734299232806776
0.00022734299232806776
0.00022734299232806776
0.00022734299232806776
0.00022734299232806776
0.00022734299232806776
0.00021387634159758678
0.00021387634159758678
0.0007366561304682613
0.0007366561304682613
0.0012141568922537816
0.0009973050055257194
0.00021387634159758678
0.0011037527593818985
0.0011037527593818985
0.00022734299232806776
0.0004452352983414619
0.0007460552149866481
0.00022734299232806776
0.00032541697424227293
0.000557695191570973
