256
225
202
188
182
182
167
161
155
157
139
119
167
161
123
125
104
101
96
145
144
137
133
132
129
142
124
120
119
118
114
113
122
105
125
124
102
122
107
103
94
115
100
93
116
107
112
100
93
82
85
88
75
4
4
3
3
5
4
80
79
74
67
63
60
76
64
74
72
71
75
55
44
44
32
49
43
43
19
37
21
35
35
37
31
13
14
8
5
3
5
47
38
4
4
4
5
3
5
4
5
3
4
4
2
1
2
1
3
2
3
3
4
2
3
2
3
2
3
2
2
2
2
2
2
2
1
3
1
2
1
2
2
2
2
2
1
1
1
1
1
1
1
1
1
1
1
1
1
1
1
1
2
2
1
1
1
1
1
1
1
1
1
1
1
1
1
1
1
1
1
1
2
2
1
1
1
1
86
106
110
55
79
92
116
106
76
120
20
94
98
81
68
40
74
84
65
26
76
70
72
60
49
36
56
5
37
77
45
61
77
74
18
30
62
65
71
85
80
79
77
76
74
74
78
77
76
74
77
75
77
76
74
74
77
76
74
74
77
76
74
74
74
74
75
7
74
75
27
74
75
74
75
74
74
75
74
74
6
71
63
74
44
50
55
59
59
74
74
67
3
74
3
38
74
3
74
43
40
38
38
65
64
62
60
54
53
34
19
17
9
41
70
54
24
38
41
28
48
54
20
57
47
38
49
40
12
28
37
33
31
33
26
22
8
42
26
23
21
19
18
17
12
10
10
8
9
7
8
7
24
23
75
29
2
1
1
3
4
5
5
4
6
6
2
2
3
8
4
15
15
16
12
14
12
11
12
8
9
8
8
8
7
9
7
5
5
4
4
4
2
1
1
15
12
10
10
7
9
7
1
12
12
1
1
1
2
3
1
5
5
6
6
7
7
7
10
9
8
8
8
8
7
7
5
5
4
5
4
2
2
10
2
10
19
18
19
19
19
19
19
19
19
19
19
19
19
19
19
19
16
1
20
19
19
14
6
11
13
12
12
12
10
8
8
8
8
7
6
7
6
3
10
14
13
4
19
4
5
5
4
7
8
8
9
10
9
10
8
2
7
35
35
35
25
24
35
25
24
35
25
24
25
24
35
25
14
24
18
1
35
25
35
25
35
22
35
24
35
24
27
24
25
19
13
1
26
3
24
35
1
1
2
3
1
4
5
6
6
8
10
10
25
24
13
11
9
9
7
6
4
4
4
2
2
1
24
8
7
7
1
6
5
4
4
4
1
1
6
6
4
3
3
2
2
2
4
1
1
8
4
4
4
6
4
1
2
5
3
1
1
2
3
1
3
17
3
3
3
1
1
1
2
4
1
4
5
1
2
2
1
2
1
4
2
1
4
368
1
194
1
312
1
1
2
1
1
1
1
1
1
1
2
6
2
1
1
3
1
10
1
1
1
1
1
1
6
2
5
2
1
1
1
2
1
1
1
1
1
7
1
1
8
2
8
2
1
1
3
1
2
1
1
1
1
2
1
1
1
1
1
1
2
1
1
3
1
1
1
3
1
1
1
1
1
2
1
1
1
1
1
1
1
1
1
2
1
1
1
2
1
1
1
1
1
2
1
1
1
5
1
1
1
4
1
1
1
1
2
1
1
6
1
1
1
1
1
1
1
1
2
1
1
3
1
1
1
1
1
1
1
1
1
1
1
1
1
1
1
1
1
1
1
1
1
1
1
1
1
1
1
1
1
1
1
1
1
1
1
1
1
1
1
1
1
1
1
1
1
1
1
1
1
1
1
1
1
1
1
1
2
1
1
1
1
1
1
1
1
1
1
2
1
1
1
1
1
1
1
3
1
1
1
1
1
1
1
1
1
1
1
1
1
1
1
1
2
1
1
1
1
1
1
1
1
1
1
1
1
1
2
1
1
1
1
1
1
1
6
1
1
1
1
1
1
1
1
1
1
1
1
1
1
1
1
1
1
1
1
1
1
1
1
1
1
1
1
1
1
2
1
1
1
1
1
1
1
1
1
1
1
1
1
1
1
1
1
1
1
1
1
2
1
3
1
1
1
1
1
1
1
2
1
1
1
1
