52
52
52
52
52
52
52
52
52
52
52
52
52
52
52
52
52
52
52
52
52
52
52
52
52
52
52
52
52
52
52
52
52
52
52
52
52
52
52
52
52
52
52
52
52
52
52
52
52
49
52
52
49
4
4
3
3
3
3
52
52
51
50
49
49
52
52
52
52
52
52
42
35
36
30
28
27
21
16
29
15
22
22
19
17
13
13
3
3
3
3
19
16
4
4
4
4
3
4
4
4
3
4
4
1
1
1
1
2
2
3
3
2
2
2
2
2
2
2
2
2
2
2
2
2
1
1
2
1
1
1
2
2
2
2
2
1
1
1
1
1
1
1
1
1
1
1
1
1
1
1
1
2
2
1
1
1
1
1
1
1
1
1
1
1
1
1
1
1
1
1
1
2
2
1
1
1
1
49
52
52
52
52
48
52
52
52
39
39
24
52
52
46
52
49
49
48
43
36
31
31
52
47
52
52
49
49
52
52
36
52
16
49
52
5
43
52
52
34
52
52
52
52
52
52
52
52
52
52
52
52
52
52
52
52
52
52
52
52
52
52
52
52
52
52
52
52
27
52
52
52
52
52
52
52
52
52
52
52
52
52
3
52
7
52
52
52
52
45
43
48
49
3
6
3
48
49
52
45
49
49
51
45
52
28
36
38
35
41
36
47
41
37
51
25
16
50
39
36
18
39
9
28
36
4
35
28
28
30
25
24
15
9
8
6
7
5
4
5
2
1
1
2
10
28
9
11
7
9
6
5
5
5
4
1
12
10
8
9
17
14
1
2
3
5
7
7
7
10
1
2
10
1
7
16
16
16
16
21
22
28
13
22
22
10
22
22
10
8
8
6
6
6
6
4
4
2
22
6
22
22
22
22
22
22
22
21
21
22
22
22
18
22
22
22
22
8
7
6
5
2
1
22
22
22
22
22
8
19
15
2
5
8
4
1
1
1
10
10
7
5
1
22
12
22
22
5
22
4
22
2
4
7
7
8
1
1
22
8
4
16
16
13
12
4
8
6
5
8
16
5
16
16
16
16
6
4
16
5
16
16
4
4
22
4
8
10
16
16
16
16
1
16
9
2
6
7
6
6
7
8
3
12
10
10
7
7
10
6
3
10
4
8
1
5
3
2
1
7
3
10
10
8
1
4
8
5
2
3
2
7
9
1
2
10
5
4
8
8
4
3
7
4
1
2
5
4
5
8
1
4
6
4
1
8
5
5
1
6
6
5
5
5
6
6
7
6
4
3
1
6
6
5
1
5
1
3
3
5
5
1
5
6
2
6
2
3
3
3
3
5
2
6
5
4
2
1
3
5
3
3
1
2
1
4
6
3
1
3
4
1
3
4
3
2
1
1
52
1
52
1
1
1
52
1
1
1
1
2
1
1
1
1
10
2
1
1
3
6
1
1
1
1
1
1
6
2
2
5
2
1
1
1
2
1
1
1
1
1
7
1
1
8
2
8
2
1
1
3
1
2
1
1
1
1
2
1
1
1
1
1
1
2
1
1
3
1
1
1
3
1
1
1
1
1
2
1
1
1
1
1
1
1
1
1
2
1
1
1
2
1
1
1
1
1
2
1
1
1
5
1
1
1
4
1
1
1
1
2
1
1
6
1
1
1
1
1
1
1
1
2
1
1
3
1
1
1
1
1
1
1
1
1
1
1
1
1
1
1
1
1
1
1
1
1
1
1
1
1
1
1
1
1
1
1
1
1
1
1
1
1
1
1
1
1
1
1
1
1
1
1
1
1
1
1
1
1
1
1
1
1
2
1
1
1
1
1
1
1
1
1
1
2
1
1
1
1
1
1
1
3
1
1
1
1
1
1
1
1
1
1
1
1
1
1
1
1
1
2
1
1
1
1
1
1
1
1
1
1
2
1
1
1
1
1
1
1
6
1
1
1
1
1
1
1
1
1
1
1
1
1
1
1
1
1
1
1
1
1
1
1
1
1
1
1
1
1
1
1
2
1
1
1
1
1
1
1
1
1
1
1
1
1
1
1
1
1
1
1
1
1
1
3
1
1
1
1
1
1
1
2
1
2
1
1
1
