0.14595588235294119
0.2023015873015873
0.23210679276882912
0.2583911707816589
0.3082994353712586
0.31619209519762004
0.2972368515980088
0.35892857142857143
0.3819857561793046
0.3628940062061081
0.3538734230007298
0.5329725110383137
0.27501623259505087
0.28866459627329194
0.42356390777022523
0.2846451612903226
0.5261389096340553
0.5477227722772278
0.3157894736842105
0.3791187739463602
0.364996114996115
0.44428939458995276
0.4003189792663477
0.443557714550081
0.4092781007751938
0.4328238937169114
0.3645423551009704
0.46260504201680674
0.43412619285002135
0.42503259452411996
0.5401335196398075
0.40439317319848295
0.4979000135482997
0.27289377289377287
0.42593548387096775
0.482953055337005
0.4643758493496408
0.4778485300094838
0.36272262387585963
0.3436131734247097
0.5252802562342713
0.30999237223493514
0.48303030303030303
0.3796166432912576
0.33523238380809595
0.2879562687356727
0.4332368082368082
0.5591919191919192
0.5670874240299205
0.36916591388136105
0.5319327731092437
0.3265412748171369
0.4183783783783784
1.0
1.0
1.0
1.0
0.4
0.5
0.4462025316455696
0.6799740344044142
0.4268789337282488
0.4699231117141565
0.6175115207373272
0.6361581920903955
0.5389473684210526
0.652281746031746
0.6227323213624584
0.6459311424100157
0.6346076458752515
0.5452252252252252
0.5811447811447812
0.514799154334038
0.459830866807611
0.5161290322580645
0.19727891156462585
0.17054263565891473
0.26135105204872644
0.52046783625731
0.25975975975975973
0.46190476190476193
0.5445378151260504
0.5462184873949579
0.15615615615615616
0.1010752688172043
0.5641025641025641
0.6813186813186813
0.32142857142857145
0.5
0.6666666666666666
0.4
0.11563367252543941
0.08392603129445235
1.0
1.0
1.0
0.4
0.6666666666666666
0.6
0.6666666666666666
0.5
0.3333333333333333
0.3333333333333333
0.6666666666666666
0.0
0.0
0.0
0.0
0.3333333333333333
0.0
1.0
1.0
0.3333333333333333
1.0
0.3333333333333333
1.0
0.0
0.0
0.0
0.0
1.0
1.0
1.0
1.0
1.0
0.0
0.0
0.0
0.0
0.0
0.0
1.0
1.0
1.0
1.0
1.0
0.0
0.0
0.0
0.0
0.0
0.0
0.0
0.0
0.0
0.0
0.0
0.0
0.0
0.0
0.0
0.0
1.0
1.0
0.0
0.0
0.0
0.0
0.0
0.0
0.0
0.0
0.0
0.0
0.0
0.0
0.0
0.0
0.0
0.0
0.0
0.0
1.0
1.0
0.0
0.0
0.0
0.0
0.32968536251709984
0.43054806828391734
0.4487072560467056
0.6545454545454545
0.6222005842259006
0.5680840898232202
0.508095952023988
0.45696316262354
0.5870175438596491
0.42787114845938373
0.07894736842105263
0.5108670784717456
0.4033242162844519
0.6018518518518519
0.3652326602282704
0.491025641025641
0.6368011847463902
0.3763625932300631
0.5019230769230769
0.48615384615384616
0.4901754385964912
0.336231884057971
0.40179968701095464
0.3655367231638418
0.39880952380952384
0.5047619047619047
0.40324675324675324
0.4
0.4744744744744745
0.49384825700615176
0.4818181818181818
0.48579234972677593
0.46479835953520166
0.6057015920029619
0.5098039215686274
0.46436781609195404
0.4013749338974088
0.47644230769230766
0.47203219315895373
0.3456582633053221
0.6411392405063291
0.4673807205452775
0.4688995215311005
0.6785964912280702
0.6830803406145872
0.5768233987412069
0.5714285714285714
0.5498974709501026
0.6301754385964913
0.5383191410588671
0.6869446343130554
0.6504504504504505
0.4665071770334928
0.6547368421052632
0.6727138097001111
0.5212884116993706
0.6787423103212576
0.4515789473684211
0.6793780081451314
0.5242502776749353
0.4179767600820232
0.4673684210526316
0.6786375416512402
0.454646427249167
0.6608663457978526
0.691965938541281
0.5578378378378378
0.7142857142857143
0.6512402813772676
0.57009009009009
0.7122507122507122
0.6479081821547575
0.7012612612612613
0.6338393187708257
0.6508108108108108
0.4757497223250648
0.6390225842280637
0.6623423423423423
0.4805627545353573
0.4250277674935209
0.6
0.47364185110663987
0.6794674859190988
0.625694187338023
0.5295983086680761
0.5493877551020409
0.5252525252525253
0.6183518410286383
0.5254237288135594
0.5816364309514994
0.48241392077008516
0.5070104025327906
0.6666666666666666
0.5309144761199556
1.0
0.5376955903271693
0.5642354683450573
1.0
0.5198074787115883
0.5526024363233666
0.6833333333333333
0.6813655761024182
0.6031294452347084
0.6774038461538462
0.5649801587301587
0.6541512427287149
0.6813559322033899
0.46540880503144655
0.579100145137881
0.40106951871657753
0.6491228070175439
0.6985294117647058
0.6944444444444444
0.5841463414634146
0.43478260869565216
0.6107617051013278
0.6884057971014492
0.6458036984352774
0.7780487804878049
0.5502645502645502
0.5895390070921985
0.6757512229210343
0.08947368421052632
0.4824561403508772
0.6179463459759482
0.5732574679943101
0.5918367346938775
0.6294871794871795
0.5303030303030303
0.6402116402116402
0.6216216216216216
0.5625
0.4817204301075269
0.4962121212121212
0.556923076923077
0.48917748917748916
0.5714285714285714
0.11614401858304298
0.3384615384615385
0.33992094861660077
0.38571428571428573
0.38011695906432746
0.3790849673202614
0.45588235294117646
0.4696969696969697
0.4888888888888889
0.4222222222222222
0.5
0.4722222222222222
0.19047619047619047
0.6785714285714286
0.38095238095238093
0.5181159420289855
0.13438735177865613
0.5145945945945946
0.12561576354679804
1.0
0.0
0.0
0.6666666666666666
0.8333333333333334
0.7
0.7
0.8333333333333334
0.4
0.3333333333333333
1.0
1.0
0.3333333333333333
0.35714285714285715
0.3333333333333333
0.12380952380952381
0.17142857142857143
0.19166666666666668
0.25757575757575757
0.2087912087912088
0.16666666666666666
0.21818181818181817
0.18181818181818182
0.32142857142857145
0.2777777777777778
0.2857142857142857
0.42857142857142855
0.32142857142857145
0.14285714285714285
0.4166666666666667
0.14285714285714285
0.4
0.2
0.3333333333333333
0.3333333333333333
0.16666666666666666
1.0
0.0
0.0
0.5428571428571428
0.5909090909090909
0.24444444444444444
0.4888888888888889
0.23809523809523808
0.5555555555555556
0.3333333333333333
0.0
0.3181818181818182
0.19696969696969696
0.0
0.0
0.0
0.0
0.6666666666666666
0.0
0.8
0.3
0.4
0.6666666666666666
0.42857142857142855
0.5238095238095238
0.23809523809523808
0.37777777777777777
0.3611111111111111
0.39285714285714285
0.10714285714285714
0.6071428571428571
0.42857142857142855
0.5714285714285714
0.42857142857142855
0.2
0.5
0.5
0.4
0.16666666666666666
0.0
0.0
0.4
0.0
0.3333333333333333
0.47953216374269003
0.6078431372549019
0.39766081871345027
0.4853801169590643
0.4152046783625731
0.36257309941520466
0.30409356725146197
0.38596491228070173
0.3333333333333333
0.4327485380116959
0.3216374269005848
0.24561403508771928
0.40350877192982454
0.4502923976608187
0.4444444444444444
0.49707602339181284
0.4
0.0
0.33157894736842103
0.2982456140350877
0.4444444444444444
0.6373626373626373
0.13333333333333333
0.21818181818181817
0.4230769230769231
0.36363636363636365
0.3333333333333333
0.5
0.28888888888888886
0.42857142857142855
0.4642857142857143
0.6428571428571429
0.42857142857142855
0.5238095238095238
0.4666666666666667
0.42857142857142855
0.7333333333333333
0.0
0.15555555555555556
0.5274725274725275
0.41025641025641024
0.3333333333333333
0.4444444444444444
0.5
0.3
0.1
0.5
0.23809523809523808
0.39285714285714285
0.14285714285714285
0.25
0.24444444444444444
0.16666666666666666
0.2222222222222222
0.21428571428571427
1.0
0.14285714285714285
0.5310924369747899
0.492436974789916
0.5126050420168067
0.5433333333333333
0.41304347826086957
0.5159663865546219
0.5766666666666667
0.4311594202898551
0.5226890756302521
0.5766666666666667
0.40217391304347827
0.5133333333333333
0.358695652173913
0.5579831932773109
0.42333333333333334
0.32967032967032966
0.39855072463768115
0.477124183006536
0.0
0.492436974789916
0.36333333333333334
0.4436974789915966
0.44
0.3697478991596639
0.5151515151515151
0.3831932773109244
0.5978260869565217
0.4235294117647059
0.6014492753623188
0.19658119658119658
0.3115942028985507
0.37
0.40350877192982454
0.2564102564102564
0.0
0.4153846153846154
0.6666666666666666
0.4746376811594203
0.3815126050420168
0.0
0.0
1.0
0.6666666666666666
0.0
0.0
0.1
0.3333333333333333
0.4666666666666667
0.21428571428571427
0.2
0.37777777777777777
0.5433333333333333
0.42391304347826086
0.19230769230769232
0.509090909090909
0.3055555555555556
0.19444444444444445
0.2857142857142857
0.13333333333333333
0.5
0.6666666666666666
0.5
0.0
0.0
0.0
0.4166666666666667
0.21428571428571427
0.047619047619047616
0.14285714285714285
0.0
0.13333333333333333
0.0
0.5
0.5
0.16666666666666666
0.0
0.0
0.26666666666666666
0.3333333333333333
0.5
0.3333333333333333
0.6666666666666666
1.0
0.0
0.0
0.16666666666666666
0.0
0.0
0.14285714285714285
0.16666666666666666
0.3333333333333333
0.16666666666666666
0.26666666666666666
0.0
0.0
0.0
0.7
0.6666666666666666
0.0
0.0
1.0
0.0
0.0
0.6666666666666666
0.20588235294117646
0.6666666666666666
1.0
1.0
0.0
0.0
0.0
0.0
0.5
0.0
0.0
0.4
0.0
1.0
0.0
0.0
1.0
0.0
0.6666666666666666
1.0
0.0
0.16666666666666666
0.0923024523160763
0.0
0.22210352011110518
0.0
0.06816308022095803
0.0
0.0
0.0
0.0
0.0
0.0
0.0
0.0
0.0
0.0
0.0
0.7333333333333333
0.0
0.0
0.0
0.3333333333333333
0.0
0.6444444444444445
0.0
0.0
0.0
0.0
0.0
0.0
0.4
0.0
0.8
1.0
0.0
0.0
0.0
0.0
0.0
0.0
0.0
0.0
0.0
0.8571428571428571
0.0
0.0
0.6071428571428571
0.0
0.75
1.0
0.0
0.0
0.3333333333333333
0.0
1.0
0.0
0.0
0.0
0.0
0.0
0.0
0.0
0.0
0.0
0.0
0.0
1.0
0.0
0.0
0.6666666666666666
0.0
0.0
0.0
0.6666666666666666
0.0
0.0
0.0
0.0
0.0
1.0
0.0
0.0
0.0
0.0
0.0
0.0
0.0
0.0
0.0
0.0
0.0
0.0
0.0
0.0
0.0
0.0
0.0
0.0
0.0
1.0
0.0
0.0
0.0
0.5
0.0
0.0
0.0
0.3333333333333333
0.0
0.0
0.0
0.0
0.0
0.0
0.0
0.6666666666666666
0.0
0.0
0.0
0.0
0.0
0.0
0.0
0.0
0.0
0.0
0.0
0.6666666666666666
0.0
0.0
0.0
0.0
0.0
0.0
0.0
0.0
0.0
0.0
0.0
0.0
0.0
0.0
0.0
0.0
0.0
0.0
0.0
0.0
0.0
0.0
0.0
0.0
0.0
0.0
0.0
0.0
0.0
0.0
0.0
0.0
0.0
0.0
0.0
0.0
0.0
0.0
0.0
0.0
0.0
0.0
0.0
0.0
0.0
0.0
0.0
0.0
0.0
0.0
0.0
0.0
0.0
0.0
0.0
0.0
1.0
0.0
0.0
0.0
0.0
0.0
0.0
0.0
0.0
0.0
0.0
1.0
0.0
0.0
0.0
0.0
0.0
0.0
0.0
0.6666666666666666
0.0
0.0
0.0
0.0
0.0
0.0
0.0
0.0
0.0
0.0
0.0
0.0
0.0
0.0
0.0
0.0
1.0
0.0
0.0
0.0
0.0
0.0
0.0
0.0
0.0
0.0
0.0
0.0
0.0
0.0
0.0
0.0
0.0
0.0
0.0
0.0
0.0
0.0
0.6666666666666666
0.0
0.0
0.0
0.0
0.0
0.0
0.0
0.0
0.0
0.0
0.0
0.0
0.0
0.0
0.0
0.0
0.0
0.0
0.0
0.0
0.0
0.0
0.0
0.0
0.0
0.0
0.0
0.0
0.0
0.0
1.0
0.0
0.0
0.0
0.0
0.0
0.0
0.0
0.0
0.0
0.0
0.0
0.0
0.0
0.0
0.0
0.0
0.0
0.0
0.0
0.0
0.0
1.0
0.0
0.6666666666666666
0.0
0.0
0.0
0.0
0.0
0.0
0.0
0.0
0.0
0.0
0.0
0.0
