0.01083059864631211
0.008301460592376074
0.00753407750807035
0.006612916429504336
0.006014547112416963
0.0064810128030128224
0.005499649201181974
0.005228326761357313
0.00510163786494086
0.005429310639835746
0.004481027802428713
0.0037543509826737085
0.006312689985773692
0.005544612325476883
0.0044427848631549294
0.004622786678940416
0.003405371774696021
0.0032978340627750295
0.0036532201532996794
0.00468312040990863
0.004583244828760692
0.004379118267400752
0.00424940994873507
0.004393770535258165
0.0041522631553094205
0.004543165036970889
0.004049599612993512
0.003830243514185498
0.0037446926352273633
0.003719888572977371
0.003602973162827461
0.0037327645461524795
0.003934537801993709
0.004086994059794456
0.003989117159971628
0.003979688757503449
0.00328417197680362
0.003978550426844639
0.0036240129265561194
0.0034643798939716103
0.0031457956680877638
0.00438258781543655
0.003593826583561549
0.003696949774046253
0.0039043297821268856
0.0041588604851427865
0.0035657074646463513
0.00324470530503435
0.0030533290843444425
0.0028087370206327277
0.0028310784970294774
0.003860331032305634
0.0032283598330095785
0.0011037527593818985
0.0011037527593818985
0.0011037527593818985
0.0011037527593818985
0.0013039410449225738
0.001144906147227668
0.0026194762285175243
0.0025005874600877833
0.0025224197416819786
0.002185930413460573
0.002133200149203609
0.0020682856546585557
0.002787160476871615
0.002263185530583825
0.002465354907334317
0.0024290445926752956
0.0023884836613251867
0.0026564713247518726
0.002008056798993484
0.001727186376519222
0.001578458132203162
0.0011837186102538239
0.0028165553711193064
0.0027191518217270345
0.001994984858236069
0.000913485592883383
0.0016011711461275926
0.0009943478791430804
0.0012664032828058405
0.0012755697598391556
0.002361919412755486
0.0023702760020783715
0.0006022231243729074
0.0006436554564578252
0.001568097091242772
0.0011416174147154954
0.0006940628981138936
0.0013039410449225738
0.003548185805529023
0.002736354704317389
0.0011037527593818985
0.0011037527593818985
0.0011037527593818985
0.00039394542750550076
0.00030501160450277466
0.00040260174741999513
0.00036473224418943147
0.0004595011706676489
0.0003074179166957628
0.00037130955335868283
0.0003733025937378748
0.0005233159204835429
0.0003879721635047623
0.0005255353157856778
0.00038891540773566325
0.00035128413486940345
0.0002981785666103718
0.0011037527593818985
0.0011037527593818985
0.0006835750091023176
0.0003742276468074753
0.0016191428469150353
0.0010857740482451803
0.0005179671151579431
0.00037572530334777695
0.0003823220641852901
0.00031788003512022334
0.00035047625576366216
0.00035047625576366216
0.0011037527593818985
0.0011037527593818985
0.0011037527593818985
0.0005378921725267625
0.0003941670820615941
0.0004990490385589444
0.0003069601189670781
0.000539762259045038
0.00039496186242286347
0.0011037527593818985
0.0011037527593818985
0.0011037527593818985
0.00035486030472652117
0.00035486030472652117
0.0011037527593818985
0.0011037527593818985
0.0011037527593818985
0.0011037527593818985
0.0011037527593818985
0.0011037527593818985
0.0011037527593818985
0.0011037527593818985
0.0011037527593818985
0.0011037527593818985
0.0011037527593818985
0.0011037527593818985
0.0011037527593818985
0.0011037527593818985
0.0011037527593818985
0.0011037527593818985
0.00039820518267312803
0.00039820518267312803
0.0011037527593818985
0.0011037527593818985
0.0011037527593818985
0.0011037527593818985
0.0011037527593818985
0.0011037527593818985
0.0011037527593818985
0.0011037527593818985
0.0011037527593818985
0.0011037527593818985
0.0011037527593818985
0.0011037527593818985
0.0011037527593818985
0.0011037527593818985
0.0011037527593818985
0.0011037527593818985
0.0011037527593818985
0.0011037527593818985
0.00039820518267312803
0.00039820518267312803
0.0011037527593818985
0.0011037527593818985
0.0011037527593818985
0.0011037527593818985
0.0031553104961379035
0.0034793320549046766
0.003507756440537307
0.0019418021886771686
0.002603922181375921
0.0030181429314473356
0.0037178388489169183
0.0034039516845078823
0.0025890570776703698
0.0037812762324892593
0.001839556456219203
0.0030510755194981002
0.003119046767510948
0.0026697811251779795
0.002719698006969544
0.0016778181754701087
0.002477079803308535
0.0027099136208798887
0.0022258480125512247
0.0009473770646823981
0.0030647625353073036
0.0028523911361544823
0.0028261209752149033
0.0025146223278343575
0.00199677143427419
0.0014712278754194493
0.002376650801123532
0.0003083259833241096
0.001603565514105748
0.0025664836395400815
0.002042145594073232
0.0021271132563347
0.0025143690540897967
0.002414544474222625
0.0008436335919999936
0.0012176192969483434
0.002269247851582625
0.002404967644668535
0.0026229315041385653
0.0030430713330408614
0.0025449113616064227
0.002537784627187249
0.002418251929074465
0.002460279614062042
0.0023625892134419464
0.0022989484519552383
0.0024475040177146666
0.0024032581651866796
0.0024718163340954895
0.0023599458631263946
0.0024422966288082395
0.0023983828221199517
0.0025395712053362684
0.0024304963089518457
0.0023601685851204514
0.002369000767024684
0.0024565904082490377
0.0024656465183095417
0.002371588945201482
0.002353628749942211
0.002461222748598597
0.0023811922042222535
0.0023811576274109475
0.0023714486310365706
0.002411989572955138
0.0023635773674060717
0.002325214647947368
0.0003618632776218458
0.0023445099238729736
0.0024206356650826933
0.0009558149093028495
0.0023715592598681523
0.002387089117601472
0.0023634495128827698
0.00239637402285718
0.002391213335869979
0.0023604338121639644
0.002393546475257715
0.0023799449738503265
0.0024163440154137475
0.00033146584996349745
0.0022906600806719807
0.0021415550449092836
0.0022639362496089228
0.001549066683111068
0.0017888001727384317
0.0019193871711462183
0.0020696225901825007
0.002036874498819863
0.0023277224255839005
0.0023404422806782947
0.002289935693003271
0.0002840066158430661
0.0023228659542755634
0.00024906306144684425
0.0013236535677850607
0.0023264883114327826
0.00024815688417319183
0.0023848370758581504
0.0015964564303142575
0.0013839999472740722
0.0014111433685113257
0.0014288540674822514
0.0023056926312288663
0.002102711140957141
0.0022538855874252475
0.0020765843996644376
0.0018545547472195302
0.0018054686494216332
0.0013820288262486042
0.000797420932135534
0.0007140218081048083
0.00047262645082771844
0.0014996448702373922
0.0023585148826037556
0.0019266603309589432
0.0009010844048742938
0.001420431618280027
0.0014900290665069537
0.001113752247734846
0.0015992432135669
0.0018813155668306752
0.0018196933234587841
0.0018832884824019538
0.0017575261268191577
0.0014043243395582515
0.0016937742926837352
0.0014766765377377123
0.000638076766264217
0.0011192159456424097
0.0013677919816914481
0.0013974973217448152
0.0011580108732746853
0.0012732279151688518
0.0010852937103537413
0.0009236354370577122
0.0004902937785796253
0.0024516679121951244
0.0016001511885873005
0.0011021375409614302
0.0010027386593087044
0.0009736156966137837
0.0008721785826415746
0.0008116402848087555
0.0006332593464971201
0.0005867354250389083
0.0005742238374529254
0.0004832002707035708
0.0005186575002949697
0.0005035943345005192
0.000463113137384298
0.0004772082307481344
0.0010484386556761699
0.0020911838036330233
0.00233918565283144
0.0025736322539561336
0.00027782655094590105
0.0002144215184796713
0.0002144215184796713
0.0003095293336855371
0.0003423031912835209
0.000390381643140017
0.0003864592204077074
0.00031124649879595554
0.0004144689847471264
0.00041786876668820224
0.00024251141540939901
0.0006305453241077324
0.0003137209284439178
0.0007424210379956736
0.00044994272926190796
0.0011213792122467283
0.001177123831374573
0.0012483316930354729
0.0009501437515593781
0.001096760990446636
0.0009525509798932219
0.0008554096515489963
0.0009563594140644616
0.0006206372211787778
0.0008644891065610615
0.0006913251427074652
0.0006031339787348014
0.0005102714394981637
0.0005932303066600143
0.0005427252480144673
0.000709576486735145
0.0005621005784899147
0.0004640106037805903
0.0004037190202643969
0.00040160621273724404
0.0004459506981002792
0.00030516629241074937
0.00022973223663384475
0.00022973223663384475
0.0007540186751139067
0.000594850814904437
0.000588823265960969
0.0005511888992676842
0.000670439334534074
0.0005342277178921599
0.0004463602197026424
0.00021517998914112534
0.0006666727783210113
0.0006683042199991478
0.00021931372070100647
0.00021931372070100647
0.00021931372070100647
0.00025001587337398703
0.00028210970539874604
0.00021517998914112534
0.00038651375417951306
0.0004195564056929905
0.000463181036461914
0.00043056762805033675
0.00048464780028779355
0.0004859987563467446
0.0004519897433803423
0.0005590439783658763
0.0005628619954511087
0.00047688970974174886
0.0004952076113011193
0.000473818382378355
0.000508351616340684
0.00044663701670043205
0.0004352106539826498
0.00035741665613753866
0.0003739803456153324
0.00031128972887088777
0.0003732889032730098
0.00037180530683151214
0.0002463661794377886
0.00024688277188076143
0.0005477667624380828
0.0002785850216073551
0.0007990909838625438
0.0008595210100862212
0.0007296175912486133
0.0008954304445943477
0.0008719261641000508
0.0008771275620130662
0.0008888895192638175
0.000885944661163814
0.000862612307435209
0.0009363016175637356
0.0008939467648193021
0.0008558561418630592
0.000924038509337585
0.0008928399783922854
0.0008553534231545868
0.0009918650337467456
0.0008715974749384791
0.0008208266691572218
0.0002049986404583069
0.0009491562012662706
0.0012753111597860773
0.0008454636148278076
0.0006291216131149651
0.0006758237707518481
0.000738691857456074
0.0006525758841074661
0.0005522380474458467
0.0005788292110264208
0.0005964301934132933
0.0005578866505131316
0.0004221110886744974
0.00044369070260078056
0.0004325191386696404
0.0004203368249311194
0.0004296258253607121
0.00035535182219302363
0.00041870919865868723
0.0003792904308640987
0.00026801792032022834
0.0007654608187842034
0.0006636128807328158
0.0006174134958908885
0.0004149289839166865
0.000983363482411737
0.0004312012156065381
0.0004575323906725842
0.0004266542735864849
0.00036037003473492614
0.0006140888623477166
0.0007399145276774554
0.0006361869507961258
0.0008655291408559239
0.0008253516703161452
0.0007555819062867472
0.0008155760709292094
0.0007212809713143462
0.000265252631331669
0.0006612685306875992
0.001264194605209296
0.0014010799090575178
0.00127225654820367
0.0009673210546140978
0.0009049438700385404
0.0012766261880116187
0.0009714283733960952
0.0009163759538915042
0.0012585888441516957
0.0009492052532926963
0.0008995653668683474
0.0009473664606407935
0.0009223857218282357
0.0012627491167847022
0.0009704317361688209
0.000821944867943799
0.0009217249838945153
0.0009712430610343621
0.0001995891135840601
0.001261697969984637
0.0009442670042964824
0.0012752305070614668
0.0009933613254197676
0.0012832479552304856
0.0009181828741556767
0.0012568980704209898
0.000934824472432262
0.0012922770440697928
0.0009187798486649883
0.001957125352287884
0.0015922939386684798
0.0009858803351139702
0.0010114638240845087
0.000850033106444879
0.0002305543365131481
0.0009689537004165815
0.0005922389461843228
0.0009662027418433631
0.0013332105662067816
0.00021982321147305815
0.00021982321147305815
0.0002522162322000844
0.00028602433418030144
0.0002267708473686017
0.00034466087649806277
0.000526853981499633
0.000450374267844538
0.00038755021508387027
0.0006513901122508778
0.0006809216559885042
0.0005324213683679433
0.0009655553799774562
0.00092337021044107
0.0009048064595620003
0.0006578977782246477
0.0005858051186941961
0.0005915345829494565
0.0006053476642902314
0.00043997183515075556
0.000349666790580232
0.00033656010231327376
0.0003940543404141584
0.0002629473572401744
0.000261989266610146
0.0002305543365131481
0.0009544920866794005
0.0007742520724525255
0.0005626315676390065
0.0006427559729568643
0.00022717610137899802
0.0005793286587173739
0.000566386331867717
0.0004499838703412245
0.0004635438059979654
0.0004027837653224328
0.00024099696968418944
0.00024099696968418944
0.00046450203019073326
0.0006229823374626825
0.00032196018681039987
0.00029493033575075673
0.0003167513818797318
0.0003154319039599409
0.00026279989716290617
0.0002457758141088897
0.0004980486570761551
0.00024284579634663086
0.00024284579634663086
0.0007032826329143275
0.00043801867579487604
0.00045088876647377126
0.000469978163311324
0.0005468311685600226
0.0004829700398265627
0.00022195664096447997
0.0002811170504054683
0.0004809094944795662
0.0002916369292325084
0.0002178755313078469
0.0002178755313078469
0.0003436291348010614
0.00034872885376397377
0.0002178755313078469
0.0006940628981138936
0.0014126833776654947
0.0005922389461843228
0.0007343221216876277
0.0007343221216876277
0.00023619708880057917
0.00022261630013918068
0.00024374406706550373
0.0003394857820486952
0.0003176582868080369
0.00024289988522066384
0.0003174042617334281
0.0003411018099893585
0.00024374406706550373
0.0006089218041931778
0.00037572530334777695
0.0006243200941221984
0.0010857740482451803
0.00024289988522066384
0.0003712789438684071
0.0006305453241077324
0.00031082261434124556
0.0006898676291086862
0.02745063659681801
0.00022896794637351455
0.008782905963337135
0.00028723540774386623
0.04466094726806078
0.00028723540774386623
0.00028723540774386623
0.0002652696840045886
0.00028723540774386623
0.00022896794637351455
0.00028723540774386623
0.00028723540774386623
0.00028723540774386623
0.00028723540774386623
0.00028723540774386623
0.0002604028764705124
0.00037774045006679357
0.00022176452204584376
0.00028723540774386623
0.00020215097357855765
0.0002792065997482893
0.00020404469787035212
0.0005041849953047951
0.00028723540774386623
0.00028723540774386623
0.00028723540774386623
0.00028723540774386623
0.00028723540774386623
0.00028723540774386623
0.0003924771532592006
0.0002364377185973784
0.00034460629412895466
0.00022809613691132614
0.00022896794637351455
0.00022896794637351455
0.00022896794637351455
0.0002606707291131506
0.00028723540774386623
0.00020404469787035212
0.00028723540774386623
0.00022896794637351455
0.00028723540774386623
0.0004086112399830935
0.00028723540774386623
0.00022896794637351455
0.00045535005163579165
0.00022506732616478522
0.00043852989398143966
0.0002596700990464951
0.00028723540774386623
0.00022896794637351455
0.0002548931762735583
0.00028723540774386623
0.00026131414812328383
0.00022896794637351455
0.00028723540774386623
0.00019546171817240213
0.00022896794637351455
0.0002400408196115878
0.00020404469787035212
0.00020404469787035212
0.00020404469787035212
0.00020404469787035212
0.00020404469787035212
0.00028723540774386623
0.00024011884086982762
0.00020121653098603205
0.00028723540774386623
0.0002918118500580099
0.00028723540774386623
0.00028723540774386623
0.00019546171817240213
0.00026076745173594034
0.00028723540774386623
0.00022896794637351455
0.00028723540774386623
0.00028723540774386623
0.00028723540774386623
0.000321024713391303
0.00022896794637351455
0.00022896794637351455
0.00020413675611394907
0.00022896794637351455
0.00028723540774386623
0.00028723540774386623
0.00028723540774386623
0.00028723540774386623
0.00022896794637351455
0.00026492890045284374
0.00022896794637351455
0.00028723540774386623
0.00028723540774386623
0.00026492890045284374
0.00028723540774386623
0.00028723540774386623
0.00028723540774386623
0.00028723540774386623
0.00022896794637351455
0.0003193658463317168
0.00028723540774386623
0.00022896794637351455
0.00028723540774386623
0.00035608451226795413
0.00028723540774386623
0.00022896794637351455
0.00028723540774386623
0.00032777307308534415
0.00022896794637351455
0.00028723540774386623
0.00022896794637351455
0.00028723540774386623
0.00026492890045284374
0.00022896794637351455
0.00028723540774386623
0.00039337659717786355
0.00022896794637351455
0.00022896794637351455
0.00022896794637351455
0.00022896794637351455
0.00028723540774386623
0.00028723540774386623
0.00022896794637351455
0.00028723540774386623
0.00022879942798227388
0.00028723540774386623
0.00028723540774386623
0.00025791568055179054
0.00019316585990597908
0.00019699784400428264
0.00028723540774386623
0.00028723540774386623
0.00022896794637351455
0.00028723540774386623
0.00028723540774386623
0.00028723540774386623
0.00019983984377581581
0.00022896794637351455
0.00028723540774386623
0.00022896794637351455
0.00019983984377581581
0.00022896794637351455
0.00022896794637351455
0.00022896794637351455
0.00028723540774386623
0.00028723540774386623
0.00028723540774386623
0.00022896794637351455
0.00022896794637351455
0.00028723540774386623
0.00019692396850802652
0.00028723540774386623
0.00028723540774386623
0.00022896794637351455
0.00022896794637351455
0.00019692396850802652
0.00028723540774386623
0.00028723540774386623
0.00022896794637351455
0.00028723540774386623
0.00022896794637351455
0.00028723540774386623
0.00022896794637351455
0.00028723540774386623
0.00028723540774386623
0.00028723540774386623
0.00028723540774386623
0.00028723540774386623
0.00022896794637351455
0.00028723540774386623
0.00028723540774386623
0.00028723540774386623
0.00022896794637351455
0.00028723540774386623
0.00022896794637351455
0.00022896794637351455
0.00028723540774386623
0.00028723540774386623
0.00022896794637351455
0.00028723540774386623
0.00028723540774386623
0.00022896794637351455
0.00020152386798661395
0.00020152386798661395
0.0002317923134939807
0.00020152386798661395
0.00020152386798661395
0.00028723540774386623
0.00028723540774386623
0.00028723540774386623
0.00019935221955472154
0.00019935221955472154
0.0001949572502812387
0.00028723540774386623
0.00022896794637351455
0.000350640440210096
0.00022896794637351455
0.00019892682127746326
0.00028723540774386623
0.00028723540774386623
0.00028723540774386623
0.00028723540774386623
0.00022896794637351455
0.00029348804647894326
0.00028723540774386623
0.00028723540774386623
0.00022896794637351455
0.00028723540774386623
0.00028723540774386623
0.00028723540774386623
0.00022896794637351455
0.00028723540774386623
0.00028723540774386623
0.00028723540774386623
0.00028723540774386623
0.00028723540774386623
0.00028723540774386623
0.00022896794637351455
0.00028723540774386623
0.00019583135941465154
0.0002592363918808813
0.00028723540774386623
0.00019583135941465154
0.00028723540774386623
0.00022896794637351455
0.00028723540774386623
0.00028723540774386623
0.00019583135941465154
0.00028723540774386623
0.00019364121033433335
0.00022896794637351455
0.00028723540774386623
0.00028723540774386623
0.00019955911822626277
0.0002606707291131506
0.00028723540774386623
0.00022896794637351455
0.00028723540774386623
0.00028723540774386623
0.00028723540774386623
0.00022896794637351455
0.00019769335249513535
0.00038351000502711484
0.00019769335249513535
0.00028723540774386623
0.00028723540774386623
0.00028723540774386623
0.00022896794637351455
0.00028723540774386623
0.00020285018144828698
0.00028723540774386623
0.00022896794637351455
0.00028723540774386623
0.00028723540774386623
0.00022896794637351455
0.00028723540774386623
0.00028723540774386623
0.00028723540774386623
0.00028723540774386623
0.00028723540774386623
0.00028723540774386623
0.00028723540774386623
0.00019599360718050078
0.00028723540774386623
0.00020285018144828698
0.00028723540774386623
0.00028723540774386623
0.00028723540774386623
0.00028723540774386623
0.00028723540774386623
0.00028723540774386623
0.00028723540774386623
0.00028723540774386623
0.000350640440210096
0.00028723540774386623
0.00028723540774386623
0.00028723540774386623
0.00028723540774386623
0.00028723540774386623
0.00028723540774386623
0.00028723540774386623
0.00028723540774386623
0.00028723540774386623
0.00028723540774386623
0.00028723540774386623
0.00028723540774386623
0.00028723540774386623
0.00028723540774386623
0.00028723540774386623
0.00028723540774386623
0.00028723540774386623
0.00028723540774386623
0.00028723540774386623
0.00028723540774386623
0.00022896794637351455
0.0002575574683689177
0.00028723540774386623
0.00026213296358859015
0.00019860057154215763
0.00022896794637351455
0.00019795593463431106
0.00022896794637351455
0.00022896794637351455
0.00022896794637351455
0.00022896794637351455
0.0002410727834577824
0.0002016370569067603
0.00022896794637351455
0.00022896794637351455
0.00019726569664692086
