-0.4147812971342386
-0.33333333333333337
-0.06270038431322511
-0.2007061017852402
0.0
-0.22186495176849177
0.0
0.0
-0.5849056603773594
-0.20656634746921473
0.17790893760538914
0.0
-0.4350915375752175
0.10726573616260242
0.09425133689839543
-0.3763440860215053
-0.16447906878050314
-0.25744815911976304
0.0
-0.12082229244620003
-0.1983862424115375
0.0
-0.10468478889539054
0.0
-0.5657894736842087
0.0
0.0
0.0
0.0
-1.0
0.0
0.0
-1.0
0.0
0.0
0.0
-0.3499999999999994
0.0
0.0
0.0
0.0
0.0
0.0
0.0
0.0
0.0
0.0
0.0
0.0
0.0
0.0
0.0
0.0
-0.7142857142857142
-1.0
0.0
0.0
0.0
0.0
0.0
0.0
0.0
0.0
0.0
0.0
