0.8666666666666667
0.9523809523809524
0.8264644008341487
0.8353857947607948
1.0
0.8304736004736005
1.0
1.0
0.6791666666666667
0.9321428571428572
0.8906440781440781
1.0
0.8825951825951827
0.9260103258086451
0.3599537037037037
0.8523809523809524
0.39241196156089775
0.4146740042097765
1.0
0.6282932091116235
0.8937472766884531
1.0
0.9476190476190476
0.0
0.8583333333333332
1.0
1.0
0.0
0.0
0.0
0.0
0.0
0.0
0.0
0.0
0.0
0.8095238095238095
0.0
0.0
0.0
0.0
0.0
0.0
0.0
0.0
0.0
0.0
0.0
0.0
0.0
0.0
0.0
0.0
0.5833333333333333
0.0
0.0
0.0
0.0
0.0
0.0
0.0
0.0
0.0
0.0
0.0
