0.0967741935483871
0.9536500579374276
0.8020735155513666
0.8611111111111112
0.964765100671141
0.8459563543003851
0.9912152269399708
0.9634146341463414
0.9494584837545126
0.9090909090909091
0.8631074606433949
0.926829268292683
0.8374233128834356
0.3597218507622359
0.6666666666666666
0.9467554076539102
0.5702479338842975
0.5288753799392097
0.0
0.21642969984202212
0.03475670307845084
0.0
0.056790123456790124
0.9259259259259259
0.8372093023255814
0.0
0.0
0.7777777777777778
0.0
0.42857142857142855
0.3333333333333333
0.5
0.6666666666666666
0.75
0.0
0.5
0.1
0.5
0.0
0.0
0.75
0.3333333333333333
0.0
0.5
0.5
0.0
0.0
0.0
0.0
0.6
0.3333333333333333
0.0
0.3333333333333333
0.0
0.42857142857142855
0.6
0.0
0.0
0.0
0.0
0.0
0.0
0.0
0.0
0.0
