1.75
1.5
5.413793103448276
4.583333333333333
2.5
1.5
3.5714285714285716
3.5
2.0
3.7777777777777777
7.0
6.5
4.2
24.5
0.75
1.4242424242424243
1.4
1.8333333333333333
1.5
2.0
3.2222222222222223
2.0
13.5
0.5
1.5
9.0
1.5
2.5961538461538463
0.6666666666666666
0.5
2.8
0.5
1.0
1.0
0.5
0.5
0.5
0.5
0.6666666666666666
1.0
0.5
0.5
0.6666666666666666
0.6666666666666666
0.6666666666666666
0.5
0.5
0.6666666666666666
0.5
1.2857142857142858
0.5
0.5
0.5
0.5
0.5
1.0
0.5
0.5
0.5
0.5
0.5
0.5
1.0
0.5
0.5
0.5
0.5
0.5
0.5
0.5
0.5
0.5
1.0
0.6666666666666666
0.5
0.5
0.5
0.5
0.6666666666666666
0.5
0.5
0.5
0.5
0.5
0.5
0.5
0.5
