0.5
0.9523809523809523
0.5
0.625
1.0
0.5714285714285714
1.0
1.0
0.5
0.9333333333333333
0.8333333333333334
1.0
0.6794871794871795
0.806060606060606
0.16304347826086957
0.7619047619047619
0.07215541165587419
0.054385964912280704
1.0
0.08258408258408259
0.7714285714285715
1.0
0.9095238095238095
1.0
0.6222222222222222
1.0
1.0
1.0
1.0
0.6666666666666666
1.0
1.0
0.6666666666666666
1.0
1.0
1.0
0.42857142857142855
1.0
1.0
1.0
1.0
1.0
1.0
1.0
1.0
1.0
1.0
1.0
1.0
1.0
1.0
1.0
1.0
0.6666666666666666
0.6666666666666666
1.0
1.0
1.0
1.0
1.0
1.0
1.0
1.0
1.0
1.0
