0.0
0.125
0.0
0.0
0.0
0.33333333333333337
0.33333333333333337
0.0
0.9512195121951219
0.9640718562874252
0.9428571428571428
0.9627329192546584
0.952
0.9418604651162791
0.9479166666666666
0.736842105263158
0.8245614035087719
0.8142857142857143
0.8648648648648649
0.7916666666666666
0.8732394366197183
0.9166666666666666
0.8095238095238095
0.962962962962963
0.736842105263158
0.8208955223880597
0.7446808510638299
0.736842105263158
0.7702702702702703
0.8571428571428572
0.7560975609756098
0.8
0.7605633802816901
0.75
0.7222222222222222
0.75
0.8552631578947368
0.875
0.8571428571428572
0.84
0.8782608695652174
0.9285714285714286
0.8472222222222222
0.8709677419354839
0.7666666666666666
0.8367346938775511
0.9
0.9
0.8888888888888888
0.8444444444444444
0.8378378378378378
0.8235294117647058
0.967032967032967
0.9627329192546584
0.967032967032967
0.9680851063829787
0.9612903225806452
0.9617834394904459
0.9640718562874252
0.8208955223880597
0.8200000000000001
0.8135593220338984
0.9210526315789473
0.8181818181818181
0.8333333333333334
0.7936507936507937
0.8333333333333334
0.8983050847457628
0.85
0.8363636363636364
0.8157894736842105
0.9069767441860466
0.8648648648648649
0.9024390243902439
0.9900990099009901
0.9921875
0.9911111111111112
0.9655172413793104
0.9635036496350365
0.9624060150375939
0.9621212121212122
0.9652777777777778
0.9612403100775194
0.9532710280373832
0.9529411764705882
0.9396551724137931
0.9692307692307692
0.9577464788732395
0.9666666666666667
0.8888888888888888
0.935483870967742
0.91
0.898876404494382
0.9207920792079208
0.9134615384615384
0.9032258064516129
0.9058823529411765
0.9090909090909091
0.9215686274509804
0.9196428571428571
0.8688524590163934
0.8679245283018868
0.8833333333333333
0.8793103448275862
0.8354430379746836
0.8870967741935484
0.888
0.8586956521739131
0.8727272727272728
0.8673469387755102
0.8395061728395061
0.851063829787234
0.8289473684210527
0.8243243243243243
0.8679245283018868
0.8363636363636364
0.8
0.935251798561151
0.923728813559322
0.9366197183098591
0.9262295081967213
0.925
0.9243697478991597
0.9210526315789473
0.9243697478991597
0.9274193548387096
0.9203539823008849
0.868421052631579
0.84
0.84375
0.8518518518518519
0.8490566037735849
0.828125
0.8166666666666667
0.8709677419354839
0.8307692307692307
0.8235294117647058
0.7777777777777778
0.8235294117647058
0.6842105263157895
0.37662337662337664
0.3513513513513513
0.3513513513513513
0.36
0.3513513513513513
0.3513513513513513
0.3513513513513513
0.35526315789473684
0.3513513513513513
0.36363636363636365
0.35526315789473684
0.3513513513513513
0.3513513513513513
0.4
0.368421052631579
0.3513513513513513
0.3513513513513513
0.35526315789473684
0.36
0.3513513513513513
0.36
0.3513513513513513
0.36363636363636365
0.3513513513513513
0.36
0.35526315789473684
0.3513513513513513
0.35064935064935066
0.36363636363636365
0.35443037974683544
0.3513513513513513
0.36
0.36
0.379746835443038
0.3513513513513513
0.3513513513513513
0.3513513513513513
0.36363636363636365
0.36
0.3513513513513513
0.3513513513513513
0.3513513513513513
0.3513513513513513
0.3589743589743589
0.3513513513513513
0.36363636363636365
0.3513513513513513
0.3513513513513513
0.375
0.5185185185185186
0.4285714285714286
0.6666666666666667
0.6666666666666667
0.6666666666666667
0.5
0.7142857142857143
0.8333333333333334
0.8571428571428572
0.9166666666666666
0.7567567567567568
0.41666666666666663
0.46153846153846156
0.6666666666666667
0.5714285714285714
0.125
0.125
0.125
0.41666666666666663
0.9
0.75
0.8571428571428572
0.125
0.8888888888888888
0.75
0.8
0.9
0.6666666666666667
0.7857142857142857
0.9230769230769231
0.9574468085106383
0.9590163934426229
0.9439252336448598
0.941747572815534
0.9384615384615385
0.8846153846153846
0.9523809523809523
0.7567567567567568
0.0
0.7222222222222222
0.6296296296296297
0.6842105263157895
0.8461538461538461
0.71875
0.8333333333333334
0.0
0.0
0.5
0.19999999999999996
0.16666666666666663
0.0
0.0
0.7142857142857143
0.6666666666666667
0.4444444444444444
0.6
0.6923076923076923
0.6363636363636364
0.7142857142857143
0.5
0.5
0.8
0.6666666666666667
0.6
0.0
0.0
0.5
0.75
0.0
0.16666666666666663
0.1428571428571429
0.0
0.0
0.875
0.0
0.0
0.0
0.0
0.7777777777777778
0.5
0.0
0.5
0.0
0.0
0.25
0.4
0.2857142857142857
0.3877551020408163
0.6666666666666667
0.1428571428571429
0.41666666666666663
0.1428571428571429
0.8333333333333334
0.6111111111111112
0.5
0.5348837209302326
0.7058823529411764
0.5217391304347826
0.6190476190476191
0.625
0.75
0.75
0.9
0.0
0.7692307692307692
0.6666666666666667
0.2857142857142857
0.5
0.5
0.7
0.6666666666666667
0.41666666666666663
0.375
0.875
0.7142857142857143
0.4736842105263158
0.625
0.5555555555555556
0.5
0.0
0.5
0.75
0.6666666666666667
0.5555555555555556
0.0
0.4285714285714286
0.4444444444444444
0.0
0.0
0.9
0.5
0.5
0.375
0.6
0.5
0.4444444444444444
0.2857142857142857
0.6666666666666667
0.4
0.6666666666666667
0.8
0.0
0.33333333333333337
0.0
0.6
0.75
0.1428571428571429
0.0
0.0
0.8
0.75
0.6
0.5
0.0
0.6
0.0
0.0
0.0
0.6
0.7142857142857143
0.0
0.0
0.0
0.0
0.0
0.5
0.5
0.0
0.0
0.0
0.33333333333333337
0.125
0.19999999999999996
0.368421052631579
0.11764705882352944
0.23404255319148937
0.2068965517241379
0.0
0.0
0.33333333333333337
0.08695652173913049
0.0
0.4285714285714286
0.09999999999999998
0.5
0.33333333333333337
0.0
0.0
0.09090909090909094
0.0
0.0
0.125
0.19999999999999996
0.3157894736842105
0.375
0.19999999999999996
0.33333333333333337
0.0
0.0
0.2222222222222222
0.5
0.0
0.0
0.375
0.33333333333333337
0.0
0.4545454545454546
0.0
0.33333333333333337
0.0
0.0
0.0
0.0
0.5
0.25
0.0
0.0
0.5
0.0
0.0
0.0
0.375
0.375
0.0
0.5
0.0
0.0
0.0
0.0
0.0
0.0
0.0
0.5
0.0
0.0
0.0
0.0
0.25
0.0
0.0
0.0
0.0
0.0
0.02857142857142858
0.02857142857142858
0.02857142857142858
0.02857142857142858
0.02857142857142858
0.02857142857142858
0.02857142857142858
0.040000000000000036
0.02857142857142858
0.02857142857142858
0.02857142857142858
0.02857142857142858
0.040000000000000036
0.038461538461538436
0.04166666666666663
0.04166666666666663
0.04166666666666663
0.040000000000000036
0.04166666666666663
0.040000000000000036
0.040000000000000036
0.04166666666666663
0.02857142857142858
0.04166666666666663
0.040000000000000036
0.040000000000000036
0.040000000000000036
0.040000000000000036
0.04166666666666663
0.02857142857142858
0.02857142857142858
0.04166666666666663
0.040000000000000036
0.04166666666666663
0.0
0.04166666666666663
0.0
0.0
0.0
0.0
0.0
0.0
0.0
0.0
0.0
0.0
0.0
0.5348837209302326
0.0
0.0
0.0
0.0
0.0
0.0
0.0
0.0
0.0
0.0
0.0
0.0
0.0
0.9285714285714286
0.9230769230769231
0.84375
0.7954545454545454
0.8363636363636364
0.7954545454545454
0.9090909090909091
0.8387096774193549
0.8484848484848485
0.8461538461538461
0.8333333333333334
0.8636363636363636
0.0
0.0
0.0
0.0
0.0
0.0
0.8
0.75
0.0
0.0
0.0
0.5
0.5
0.0
0.5
0.5
0.5
0.6
0.75
0.6666666666666667
0.75
0.75
0.0
0.0
0.6666666666666667
0.0
0.0
0.0
0.0
0.5
0.0
0.0
0.0
0.5
0.5
0.0
0.0
0.0
0.0
0.6666666666666667
0.8
0.5
0.0
0.0
0.0
0.5
0.5
0.5
0.5
0.0
0.0
0.0
0.0
0.0
0.0
0.0
0.0
0.5
0.6666666666666667
0.5
0.0
0.0
0.0
0.5
0.0
0.0
0.0
0.0
0.0
0.33333333333333337
0.5
0.5
0.6666666666666667
0.5
0.0
0.0
0.0
0.0
0.0
0.0
0.0
0.0
0.0
0.0
0.0
0.0
0.0
0.0
0.0
0.0
0.0
0.0
1.0
1.0
1.0
1.0
1.0
1.0
1.0
1.0
1.0
1.0
1.0
1.0
1.0
1.0
1.0
1.0
1.0
1.0
1.0
1.0
1.0
1.0
1.0
1.0
1.0
1.0
1.0
1.0
1.0
1.0
1.0
1.0
1.0
1.0
1.0
1.0
1.0
1.0
1.0
1.0
1.0
1.0
1.0
1.0
1.0
1.0
1.0
1.0
1.0
1.0
1.0
1.0
1.0
1.0
1.0
1.0
1.0
1.0
1.0
1.0
1.0
1.0
1.0
1.0
1.0
1.0
1.0
1.0
1.0
1.0
1.0
1.0
1.0
1.0
1.0
1.0
1.0
1.0
1.0
1.0
1.0
1.0
1.0
1.0
1.0
1.0
1.0
1.0
1.0
1.0
1.0
1.0
1.0
1.0
1.0
1.0
1.0
1.0
1.0
1.0
1.0
1.0
1.0
1.0
1.0
1.0
1.0
1.0
1.0
1.0
1.0
1.0
1.0
1.0
1.0
1.0
1.0
1.0
1.0
1.0
1.0
1.0
1.0
1.0
1.0
1.0
1.0
1.0
1.0
1.0
1.0
1.0
1.0
1.0
1.0
1.0
1.0
1.0
1.0
1.0
1.0
1.0
1.0
1.0
1.0
1.0
1.0
1.0
1.0
1.0
1.0
1.0
1.0
1.0
1.0
1.0
1.0
1.0
1.0
1.0
1.0
1.0
1.0
1.0
1.0
1.0
1.0
1.0
1.0
1.0
1.0
1.0
1.0
1.0
1.0
1.0
1.0
1.0
1.0
1.0
1.0
1.0
1.0
1.0
1.0
1.0
1.0
1.0
1.0
1.0
1.0
1.0
1.0
1.0
1.0
1.0
1.0
1.0
1.0
1.0
1.0
1.0
1.0
1.0
1.0
1.0
1.0
1.0
1.0
1.0
1.0
1.0
1.0
1.0
1.0
1.0
1.0
1.0
1.0
1.0
1.0
1.0
1.0
1.0
1.0
1.0
1.0
1.0
1.0
1.0
1.0
1.0
1.0
1.0
1.0
1.0
1.0
1.0
1.0
1.0
1.0
1.0
1.0
1.0
1.0
1.0
1.0
1.0
1.0
1.0
1.0
1.0
1.0
1.0
1.0
1.0
1.0
1.0
1.0
1.0
1.0
1.0
1.0
1.0
1.0
1.0
1.0
1.0
1.0
1.0
1.0
1.0
1.0
1.0
1.0
1.0
1.0
1.0
1.0
1.0
1.0
1.0
1.0
1.0
1.0
1.0
1.0
1.0
1.0
1.0
1.0
1.0
1.0
1.0
1.0
1.0
1.0
1.0
1.0
1.0
1.0
1.0
1.0
1.0
1.0
1.0
1.0
1.0
1.0
