0.0013402016756622714
0.00020583779155465575
0.007480549109057101
0.004510452126360403
-0.0012523164710292437
0.004358331537166774
-0.0007845906534495164
-0.00010725052041786498
0.0006369476470628742
0.0020647816864399144
0.0046823356811466765
0.0008374091212738225
0.004104858516612121
0.08264204480964438
0.004147326596664425
0.0007039435947401037
0.007176266556701401
0.013867211866466049
0.000957945282669297
0.022858839439406267
0.04426997843892174
0.0005749878307666043
0.01793729556260235
9.421082469710739e-05
0.0024128195089772363
0.00028757666332018686
0.00028757666332018686
9.570028756103315e-05
9.587727620381446e-05
0.0001916603117017324
9.586578343480269e-05
9.584969355818621e-05
0.0001914419490905087
9.573936297567319e-05
9.587727620381446e-05
9.584969355818621e-05
0.0008620588122502731
9.584969355818621e-05
9.587727620381446e-05
9.587727620381446e-05
9.573936297567319e-05
9.586578343480269e-05
9.587727620381446e-05
9.584969355818621e-05
9.584969355818621e-05
9.587727620381446e-05
9.587727620381446e-05
9.587727620381446e-05
9.587727620381446e-05
9.582900657396501e-05
9.586578343480269e-05
9.587727620381446e-05
9.586578343480269e-05
0.00038339877423274483
0.0001916603117017324
9.582900657396501e-05
9.587727620381446e-05
9.587727620381446e-05
9.587727620381446e-05
9.587727620381446e-05
9.587727620381446e-05
9.587727620381446e-05
9.587727620381446e-05
9.587727620381446e-05
9.587727620381446e-05
