250
221
198
187
180
180
166
159
155
156
126
119
164
157
120
122
104
101
95
142
141
135
132
132
129
127
123
120
119
117
114
113
122
104
121
120
102
117
106
103
93
113
99
92
112
105
111
99
93
88
85
87
75
4
4
3
3
6
4
77
77
70
66
63
60
69
61
74
72
71
72
53
42
41
32
49
43
22
19
35
21
35
35
37
31
13
14
8
5
3
5
47
38
4
4
4
5
3
5
4
5
3
4
4
2
1
2
1
3
2
3
3
4
2
3
2
3
2
3
2
2
2
2
2
2
2
1
3
1
2
1
2
2
2
2
2
1
1
1
1
1
1
1
1
1
1
1
1
1
1
1
1
2
2
1
1
1
1
1
1
1
1
1
1
1
1
1
1
1
1
1
1
2
2
1
1
1
1
20
103
106
55
79
92
115
112
36
86
76
94
103
81
68
40
74
84
65
26
76
70
72
60
49
84
55
5
70
61
45
77
76
74
18
30
62
65
37
75
76
77
76
74
73
74
6
75
74
74
75
75
77
76
74
74
76
74
74
74
77
76
74
74
73
74
74
7
74
75
27
73
75
73
75
74
74
73
74
73
28
33
43
74
3
71
40
3
74
3
73
74
74
58
59
49
48
67
44
69
40
38
38
61
62
61
59
54
53
34
19
17
9
41
55
24
56
54
37
38
41
63
54
20
38
49
47
7
38
28
33
31
25
24
23
17
9
8
10
10
12
12
18
19
21
23
26
42
22
8
8
75
29
2
1
1
3
73
2
5
5
4
6
6
7
4
97
2
8
2
15
15
16
12
14
12
11
12
8
9
8
8
8
7
9
7
5
5
4
4
4
2
1
1
15
12
10
10
7
9
7
1
12
12
1
1
1
2
3
1
5
5
6
6
7
7
7
10
9
8
8
8
8
7
7
5
5
4
5
4
2
2
10
2
10
19
14
19
18
19
18
19
19
19
19
18
18
19
19
19
19
19
1
20
18
19
18
5
13
10
12
12
12
10
8
8
8
8
7
6
7
6
3
11
10
13
4
19
4
4
5
6
4
7
7
8
8
9
10
9
8
1
14
25
24
34
25
24
34
35
25
24
35
25
23
35
25
24
34
25
1
33
25
34
25
34
25
34
24
34
24
27
24
19
18
14
13
10
10
24
3
26
24
33
1
1
3
3
4
5
6
6
8
25
24
8
1
1
2
2
4
8
4
6
7
7
8
9
11
4
7
13
3
5
4
4
4
1
1
6
6
4
3
3
2
2
1
2
1
1
1
3
2
1
2
4
4
4
4
1
6
4
1
3
6
5
3
3
17
3
3
1
1
1
1
4
1
2
1
2
4
2
2
1
2
5
4
1
2
133
199
1
254
1
3
8
6
2
1
1
1
1
1
1
5
2
1
2
1
6
1
1
1
1
2
1
1
1
1
1
1
1
2
1
1
2
1
1
1
1
2
2
1
5
1
1
1
1
1
1
1
2
1
1
3
1
1
1
6
1
6
1
1
2
1
2
1
1
1
1
1
1
1
1
1
8
2
1
1
1
1
2
2
1
2
1
1
1
3
1
1
1
1
1
1
1
1
1
1
1
1
1
1
2
1
10
1
1
1
1
1
1
4
1
3
2
1
1
1
1
1
3
2
1
1
1
1
1
3
1
1
1
3
1
1
2
1
1
2
2
1
1
1
1
1
1
1
1
1
1
1
7
1
1
1
2
1
1
1
1
1
1
1
2
1
1
1
1
1
1
1
1
1
1
1
1
1
1
1
1
1
1
1
1
1
1
1
1
1
1
1
1
1
1
1
1
1
1
1
1
1
1
1
1
1
1
1
1
1
1
1
1
1
1
1
1
1
1
1
1
1
1
1
1
1
1
1
1
1
1
1
1
1
1
1
1
1
1
1
1
1
1
1
1
1
1
1
1
1
1
1
2
1
1
1
1
1
1
1
1
1
1
1
1
1
1
1
1
1
1
1
1
1
1
1
1
1
1
1
1
1
1
1
1
1
1
1
1
1
1
1
1
1
1
1
1
1
1
1
1
1
1
1
1
1
1
1
1
