67
67
67
67
67
67
67
67
67
67
67
67
50
50
50
50
50
50
50
50
50
50
50
50
50
67
67
67
67
67
67
67
67
50
50
50
50
67
67
67
67
50
50
50
50
50
50
50
50
50
50
50
49
4
4
3
3
3
3
67
67
50
49
49
48
50
50
50
50
50
50
36
33
33
27
24
20
16
16
26
14
23
23
16
19
13
13
3
3
3
3
9
9
4
4
4
4
2
4
4
3
3
4
4
1
1
1
1
2
2
3
3
2
2
2
2
2
1
2
2
2
2
2
2
2
1
1
2
1
1
1
2
2
2
1
1
1
1
1
1
1
1
1
1
1
1
1
1
1
1
1
1
1
1
1
1
1
1
1
1
1
1
1
1
1
1
1
1
1
1
1
1
2
2
1
1
1
1
39
39
50
64
50
50
50
48
50
50
25
50
50
46
50
46
50
46
41
36
29
34
50
46
50
50
49
50
50
41
50
15
49
5
46
50
67
67
34
67
67
67
67
67
67
67
67
67
67
67
67
67
67
67
67
67
67
67
67
67
67
67
67
67
67
67
67
26
50
67
67
67
67
67
67
67
67
67
67
67
67
67
3
67
6
67
67
67
50
42
43
48
48
3
6
3
50
49
1
38
47
50
26
50
50
50
47
37
40
33
44
44
34
50
25
16
50
50
35
39
30
40
9
34
19
33
36
27
26
27
25
2
13
8
8
7
6
5
4
5
2
1
22
9
24
8
5
1
4
3
5
5
7
7
8
8
8
9
10
15
15
1
2
1
5
6
6
8
10
10
3
1
50
8
5
7
16
1
16
16
21
22
26
12
23
23
11
23
23
9
9
7
6
5
6
7
5
4
2
23
6
23
23
23
23
23
23
23
23
23
23
23
23
16
23
23
23
23
8
8
5
4
2
1
23
23
23
23
23
8
16
12
8
6
6
4
1
1
1
9
10
5
5
1
23
13
1
4
23
23
2
23
23
2
2
7
7
9
5
23
4
11
16
16
15
4
7
7
5
7
13
5
16
16
16
16
16
16
4
5
16
16
16
4
3
23
5
16
7
12
16
16
16
8
6
6
8
5
6
6
7
3
12
11
10
7
7
10
3
2
1
7
1
6
3
2
1
7
8
11
3
11
11
7
4
4
5
7
5
4
1
2
2
2
8
1
2
1
10
4
6
8
4
3
1
2
6
5
6
5
8
6
1
5
4
4
1
6
5
4
6
5
6
3
6
6
6
5
3
4
1
6
6
5
1
6
5
1
5
3
5
2
5
3
3
2
7
2
2
6
5
4
5
3
1
5
3
3
1
4
2
1
1
5
3
3
3
1
2
6
3
1
2
3
2
3
1
1
2
50
1
50
50
3
1
2
1
1
1
1
7
4
1
1
2
1
2
1
6
1
1
2
1
1
1
1
1
1
1
1
1
5
2
3
1
1
2
1
1
1
1
2
1
1
4
1
1
1
1
1
1
2
1
1
1
1
1
3
1
6
1
2
1
1
1
2
1
1
1
1
6
1
1
2
1
1
8
1
1
1
1
1
2
2
1
1
2
1
1
1
1
1
1
1
1
1
1
1
1
1
1
1
1
1
10
2
1
1
1
1
4
1
1
3
1
2
1
1
1
1
1
2
1
1
1
1
1
1
1
2
1
1
2
1
2
1
1
1
2
2
1
1
1
1
1
1
1
1
1
7
1
1
2
1
1
1
1
1
1
1
1
2
1
1
1
1
1
1
1
1
1
1
1
1
1
1
1
1
1
1
1
1
1
1
1
1
1
1
1
1
1
1
1
1
1
1
1
1
1
1
1
1
1
1
1
1
1
1
1
1
1
1
1
1
1
1
1
1
1
1
1
1
1
1
1
1
1
1
1
1
1
1
1
1
1
1
1
1
1
1
1
1
1
1
1
1
1
1
1
1
1
2
1
1
1
1
1
1
1
1
1
1
1
1
1
1
1
1
1
1
1
1
1
1
1
1
1
1
1
1
1
1
1
1
1
1
1
1
1
1
1
1
1
1
1
1
1
1
1
1
1
1
1
1
1
1
1
1
