0.2478714859437751
0.30386672151378036
0.3473311798184895
0.37697659709044906
0.4085661080074488
0.4078833022967101
0.4330777656078861
0.4657272510150466
0.42563887725178046
0.43746898263027295
0.5253333333333333
0.5682951146560319
0.3508903187191381
0.35668789808917195
0.42927170868347336
0.4565776994987129
0.5918595967139656
0.5885148514851485
0.45576707726763716
0.4589951053840775
0.46717325227963524
0.48877833056937536
0.4943326393708073
0.46449225075179273
0.4940649224806202
0.5281839770028747
0.5596428095428495
0.5224089635854342
0.5362483976641504
0.5671971706454465
0.5775500698649279
0.5820164348925411
0.5296030348191302
0.46788648244958925
0.5661157024793388
0.5670868347338935
0.5994952436420112
0.5272620100206307
0.5705300988319856
0.5975632971635256
0.6760168302945302
0.47281921618204803
0.4852607709750567
0.48853320592451027
0.4591377091377091
0.5075091575091575
0.5497133497133497
0.6176046176046176
0.625759700794764
0.6698014629049112
0.6663865546218487
0.5356856455493184
0.5210810810810811
1.0
1.0
1.0
1.0
0.26666666666666666
0.5
0.9193438140806562
0.9107997265892003
0.7503105590062111
0.7188811188811188
0.7900665642601127
0.715819209039548
0.6828644501278772
0.7841530054644809
0.6293965198074787
0.7124413145539906
0.7509054325955734
0.6302816901408451
0.5413642960812772
0.6515679442508711
0.6524390243902439
0.6693548387096774
0.20408163265306123
0.18161683277962348
0.683982683982684
0.6666666666666666
0.25210084033613445
0.35714285714285715
0.7092436974789916
0.7478991596638656
0.19519519519519518
0.24086021505376345
0.8717948717948718
0.7142857142857143
0.2857142857142857
0.4
0.6666666666666666
0.4
0.09805735430157261
0.11948790896159317
1.0
1.0
1.0
0.6
0.0
0.8
0.8333333333333334
0.0
0.3333333333333333
0.16666666666666666
0.3333333333333333
0.0
0.0
0.0
0.0
0.3333333333333333
0.0
1.0
1.0
0.0
0.0
0.3333333333333333
1.0
0.0
0.0
0.0
0.0
1.0
1.0
1.0
1.0
1.0
0.0
0.0
0.3333333333333333
0.0
0.0
0.0
1.0
1.0
1.0
0.0
0.0
0.0
0.0
0.0
0.0
0.0
0.0
0.0
0.0
0.0
0.0
0.0
0.0
0.0
0.0
0.0
0.0
0.0
0.0
0.0
0.0
0.0
0.0
0.0
0.0
0.0
0.0
0.0
0.0
0.0
0.0
0.0
0.0
0.0
0.0
0.0
0.0
1.0
1.0
0.0
0.0
0.0
0.0
0.21052631578947367
0.6183133447553779
0.6407906558849955
0.7710437710437711
0.5712431028886725
0.6163401815575729
0.585812356979405
0.6044079794079794
0.5301587301587302
0.5006839945280438
0.6459649122807017
0.6266300617707619
0.6360175138016372
0.6601851851851852
0.5583845478489904
0.532051282051282
0.6516105146242133
0.6617900172117039
0.575
0.7753846153846153
0.5540350877192982
0.5556935817805383
0.6240219092331768
0.5932203389830508
0.6947278911564626
0.5393000573723465
0.5892255892255892
0.8
0.6190476190476191
0.7071038251366121
0.5797979797979798
0.6900205058099795
0.9354385964912281
0.9289152165864495
0.35294117647058826
0.5287356321839081
0.5335801163405606
0.5245192307692308
0.6726726726726727
0.9531531531531532
0.9407017543859649
0.9090909090909091
0.868421052631579
0.9407626804887079
0.930365296803653
0.9714920399851906
1.0
0.9466666666666667
0.9566827101073676
0.9233617178822658
0.9545945945945946
0.8944144144144144
0.8950786056049214
0.9214035087719298
0.9348389485375787
0.9422436134764902
0.9291228070175439
0.9648278415401703
0.9563124768604221
0.907441688263606
0.8725222146274778
0.9364912280701755
0.9303961495742318
0.9018881895594224
0.9680365296803652
0.9381710477600889
0.9559422436134765
0.6666666666666666
0.9311366160681229
0.9466666666666667
0.8603988603988604
0.982496194824962
0.9156756756756756
0.9315068493150684
0.9279279279279279
0.9714920399851906
0.9566827101073676
0.982496194824962
0.9226212513883747
0.9642313546423136
0.6375661375661376
0.7670454545454546
0.8194905869324474
0.9126249537208442
1.0
0.7541247484909457
0.782051282051282
1.0
0.9466864124398371
1.0
0.9649923896499238
0.8893002591632728
0.9037393557941503
0.8306110102843315
0.8176504967855055
0.7534013605442177
0.8049645390070922
0.76797829036635
0.7346723044397463
0.7033248081841432
0.8474358974358974
0.7211948790896159
0.6187766714082503
0.7644808743169399
0.6684294024325753
0.7360655737704918
0.6943308007013442
0.8392732354996506
0.8171262699564587
0.7112299465240641
0.8771929824561403
0.6691176470588235
0.8611111111111112
0.8036585365853659
0.7420875420875421
0.6956521739130435
0.7162337662337662
0.8238993710691824
0.7927927927927928
0.6728307254623044
0.7853658536585366
0.7649769585253456
0.6659678546471
0.13157894736842105
0.7681365576102418
0.7806122448979592
0.7465309898242368
0.3333333333333333
0.7027027027027027
0.7275132275132276
0.6382575757575758
0.6946236559139785
0.73
0.6956521739130435
0.11462450592885376
0.6323529411764706
0.5833333333333334
0.5357142857142857
0.2
0.7111111111111111
0.25757575757575757
0.42424242424242425
0.42483660130718953
0.30994152046783624
0.49047619047619045
0.48221343873517786
0.3476923076923077
0.19628339140534262
0.7142857142857143
0.5714285714285714
0.4642857142857143
0.9264864864864865
0.14285714285714285
1.0
0.0
0.0
0.6666666666666666
0.8858447488584474
1.0
0.5
0.3
0.8333333333333334
0.3333333333333333
0.4
0.23809523809523808
0.6666666666666666
0.6222079037800687
0.0
0.14285714285714285
1.0
0.21904761904761905
0.10476190476190476
0.15
0.15151515151515152
0.14285714285714285
0.15151515151515152
0.12727272727272726
0.22727272727272727
0.10714285714285714
0.2222222222222222
0.2857142857142857
0.2857142857142857
0.5
0.3333333333333333
0.4166666666666667
0.14285714285714285
0.1
0.5
0.0
0.3333333333333333
0.3333333333333333
0.0
0.0
0.0
0.5142857142857142
0.3939393939393939
0.4222222222222222
0.5111111111111111
0.2857142857142857
0.8333333333333334
0.5238095238095238
0.0
0.2878787878787879
0.5757575757575758
0.0
0.0
0.0
0.0
0.0
0.0
0.4
0.0
0.3333333333333333
0.4666666666666667
0.8095238095238095
0.7142857142857143
0.6666666666666666
0.5555555555555556
0.2777777777777778
0.5357142857142857
0.39285714285714285
0.7857142857142857
0.5714285714285714
0.09523809523809523
0.38095238095238093
0.4
0.4
0.5
0.5
0.8333333333333334
1.0
0.0
0.4888888888888889
0.0
0.08888888888888889
0.9239766081871345
0.46153846153846156
0.9239766081871345
0.7581699346405228
0.7426900584795322
0.934640522875817
0.9239766081871345
0.9239766081871345
0.9239766081871345
0.8245614035087719
0.8366013071895425
0.9215686274509803
0.7426900584795322
0.8304093567251462
0.7543859649122807
0.8362573099415205
0.6666666666666666
0.0
0.5105263157894737
0.40522875816993464
0.14619883040935672
0.7450980392156863
0.5
0.34615384615384615
0.3333333333333333
0.4696969696969697
0.5303030303030303
0.5757575757575758
0.4888888888888889
0.5
0.75
0.7142857142857143
0.35714285714285715
0.7142857142857143
0.0
0.3333333333333333
0.4666666666666667
0.6666666666666666
0.23636363636363636
0.13333333333333333
0.5769230769230769
0.16666666666666666
0.8304093567251462
0.0
0.16666666666666666
0.6
0.3333333333333333
0.8333333333333334
0.23809523809523808
0.19047619047619047
0.14285714285714285
0.10714285714285714
0.16666666666666666
0.15555555555555556
0.16666666666666666
0.2857142857142857
0.0
0.34065934065934067
0.8333333333333334
0.7681159420289855
0.7219251336898396
0.7166666666666667
0.8297101449275363
0.7932263814616756
0.719327731092437
0.7866666666666666
0.822463768115942
0.692436974789916
0.79
0.8379446640316206
0.7563025210084033
0.8
0.8188405797101449
0.7540106951871658
0.7833333333333333
0.0
0.8011363636363636
0.8766666666666667
0.7522281639928698
0.82
0.7557932263814616
0.81
0.7290552584670231
0.8731884057971014
0.7932263814616756
0.8659420289855072
0.15384615384615385
0.19202898550724637
0.47368421052631576
0.2679738562091503
0.34065934065934067
0.2692307692307692
0.1111111111111111
0.1111111111111111
0.8152173913043478
0.6666666666666666
0.76
0.9021739130434783
0.8011363636363636
0.0
0.0
0.6666666666666666
0.3333333333333333
0.3333333333333333
0.4
0.26666666666666666
0.4666666666666667
0.42857142857142855
0.89
0.8913043478260869
0.42857142857142855
0.0
0.0
1.0
0.0
0.3333333333333333
0.07142857142857142
0.16666666666666666
0.26666666666666666
0.5238095238095238
0.6190476190476191
0.2857142857142857
0.3611111111111111
0.23636363636363636
0.8333333333333334
0.2857142857142857
0.5769230769230769
0.3333333333333333
0.1
0.3333333333333333
0.5
0.3333333333333333
0.0
0.0
0.7333333333333333
0.0
0.16666666666666666
1.0
0.3333333333333333
0.0
0.0
0.0
0.0
0.0
0.0
0.0
0.6666666666666666
0.0
0.0
0.0
0.16666666666666666
0.3333333333333333
0.5
0.0
0.0
0.4666666666666667
0.6666666666666666
0.0
0.3333333333333333
0.5333333333333333
0.7
0.3333333333333333
0.6666666666666666
0.25735294117647056
0.6666666666666666
0.6666666666666666
0.0
0.0
0.0
0.0
0.16666666666666666
0.0
0.0
0.0
1.0
0.3333333333333333
1.0
0.0
0.0
1.0
0.1
0.5
0.0
1.0
0.2265892002734108
0.18420384752043042
0.0
0.15912981233077092
0.0
0.3333333333333333
0.7142857142857143
0.06666666666666667
1.0
0.0
0.0
0.0
0.0
0.0
0.0
0.5
0.0
0.0
0.0
0.0
0.8
0.0
0.0
0.0
0.0
1.0
0.0
0.0
0.0
0.0
0.0
0.0
0.0
1.0
0.0
0.0
0.0
0.0
0.0
0.0
0.0
0.0
0.0
0.0
0.4
0.0
0.0
0.0
0.0
0.0
0.0
0.0
1.0
0.0
0.0
0.3333333333333333
0.0
0.0
0.0
0.4
0.0
0.6
0.0
0.0
1.0
0.0
1.0
0.0
0.0
0.0
0.0
0.0
0.0
0.0
0.0
0.0
0.42857142857142855
0.0
0.0
0.0
0.0
0.0
1.0
0.0
0.0
0.0
0.0
0.0
0.0
0.0
0.0
0.0
0.0
0.0
0.0
0.0
0.0
0.0
0.0
0.0
0.0
0.0
0.0
0.0
0.0
0.0
0.7555555555555555
0.0
0.0
0.0
0.0
0.0
0.0
0.16666666666666666
0.0
0.6666666666666666
0.0
0.0
0.0
0.0
0.0
0.0
0.3333333333333333
0.0
0.0
0.0
0.0
0.0
0.0
0.0
0.0
0.0
0.0
0.0
0.0
0.0
0.0
0.0
0.0
1.0
1.0
0.0
0.0
0.0
0.0
0.0
0.0
0.0
0.0
0.0
0.0
0.0
0.8571428571428571
0.0
0.0
0.0
0.0
0.0
0.0
0.0
0.0
0.0
0.0
0.0
0.0
0.0
0.0
0.0
0.0
0.0
0.0
0.0
0.0
0.0
0.0
0.0
0.0
0.0
0.0
0.0
0.0
0.0
0.0
0.0
0.0
0.0
0.0
0.0
0.0
0.0
0.0
0.0
0.0
0.0
0.0
0.0
0.0
0.0
0.0
0.0
0.0
0.0
0.0
0.0
0.0
0.0
0.0
0.0
0.0
0.0
0.0
0.0
0.0
0.0
0.0
0.0
0.0
0.0
0.0
0.0
0.0
0.0
0.0
0.0
0.0
0.0
0.0
0.0
0.0
0.0
0.0
0.0
0.0
0.0
0.0
0.0
0.0
0.0
0.0
0.0
0.0
0.0
0.0
0.0
0.0
0.0
0.0
0.0
0.0
0.0
0.0
0.0
1.0
0.0
0.0
0.0
0.0
0.0
0.0
0.0
0.0
0.0
0.0
0.0
0.0
0.0
0.0
0.0
0.0
0.0
0.0
0.0
0.0
0.0
0.0
0.0
0.0
0.0
0.0
0.0
0.0
0.0
0.0
0.0
0.0
0.0
0.0
0.0
0.0
0.0
0.0
0.0
0.0
0.0
0.0
0.0
0.0
0.0
0.0
0.0
0.0
0.0
0.0
0.0
0.0
0.0
0.0
0.0
0.0
