0.009554739686226736
0.007880733876111752
0.006878011934016117
0.006246563990335235
0.005609769558914965
0.005984904080739767
0.005405707366560022
0.004869319362120917
0.0056036471086421255
0.005000322271222099
0.004125388023834835
0.0035670468184580495
0.006495628205482952
0.006428162907265452
0.004949862364327984
0.004459841718575689
0.003471852198925191
0.003795513456122841
0.003804413793674795
0.004867478049478315
0.004722169366370587
0.004821504894615662
0.004415512594564919
0.004656967421168903
0.004499093163045691
0.0038634779108058263
0.003957830702954402
0.003946393716654419
0.0038837239165245368
0.0035649175436283133
0.0034778364816806934
0.003560868040237675
0.003996511283027111
0.0039171033303719675
0.004089706136686665
0.003951798225287623
0.003496806822019499
0.0037591176543434928
0.003462509590956777
0.0032559944033182277
0.0028433890488588115
0.004753801840535872
0.003991166775663712
0.003595505342635297
0.004393235851470745
0.004053500861522394
0.0038719692983403974
0.0035759675811019823
0.003250101349680461
0.003005740953817308
0.002854287410944848
0.0035016890359360884
0.0031986086000531768
0.0011037527593818985
0.0011037527593818985
0.0011037527593818985
0.0011037527593818985
0.0012740310153880237
0.0010512891189263195
0.002212283538669515
0.002237751268557947
0.0026353163075411045
0.0022599975611539867
0.0022455817055939214
0.002155626677017257
0.002482780470086804
0.0022808200279002635
0.0027738959240254627
0.0026362376585726574
0.002394938913483931
0.0027937123782403946
0.0024337008117714205
0.001862533978310503
0.0016062440421186614
0.001392729721646457
0.003041378702877551
0.0029767878306717977
0.0016413647269676928
0.0014100830283637223
0.0016234648721657563
0.001030094665748278
0.0018689969208607567
0.0017979251364926253
0.002560362201112623
0.002252128882550315
0.0005956061334939892
0.0007759869367980339
0.0015494683195080444
0.0010971053974753982
0.0006808074582174673
0.0012297713155006219
0.004250852810347118
0.003231394663270268
0.0011037527593818985
0.0011037527593818985
0.0011037527593818985
0.0004897094573086311
0.0005712068938191835
0.0003841262472243726
0.00035018525388076416
0.0006477328199572665
0.0003657581059878385
0.0004018306179362926
0.00037108455103037957
0.0005228511947571909
0.00038777466555137743
0.0005237626944145249
0.00038816205298445477
0.0003555329821355487
0.00030109940540280495
0.0011037527593818985
0.0011037527593818985
0.0010708527230936724
0.00042560522857794305
0.0016191429011922242
0.0010857740335205143
0.0007172635173416787
0.0007976768171295236
0.0004082254378215397
0.00034204185992544716
0.0003406494228578415
0.0003406494228578415
0.0011037527593818985
0.0011037527593818985
0.0011037527593818985
0.0005424403555137551
0.00039610006194770004
0.0004947255884796373
0.0003057351602577209
0.0016106748055438834
0.0008502917363009061
0.0011037527593818985
0.0011037527593818985
0.0011037527593818985
0.0005920576087617255
0.0008734493961192741
0.0011037527593818985
0.0011037527593818985
0.0011037527593818985
0.0011037527593818985
0.0011037527593818985
0.0011037527593818985
0.0011037527593818985
0.0011037527593818985
0.0011037527593818985
0.0011037527593818985
0.0011037527593818985
0.0011037527593818985
0.0011037527593818985
0.0011037527593818985
0.0011037527593818985
0.0011037527593818985
0.0008675890780456984
0.000583249876701253
0.0011037527593818985
0.0011037527593818985
0.0011037527593818985
0.0011037527593818985
0.0011037527593818985
0.0011037527593818985
0.0011037527593818985
0.0011037527593818985
0.0011037527593818985
0.0011037527593818985
0.0011037527593818985
0.0011037527593818985
0.0011037527593818985
0.0011037527593818985
0.0011037527593818985
0.0011037527593818985
0.0011037527593818985
0.0011037527593818985
0.00038550958811171495
0.00038550958811171495
0.0011037527593818985
0.0011037527593818985
0.0011037527593818985
0.0011037527593818985
0.0020427760291138286
0.003382706341538893
0.0034784226179056885
0.00187330573912797
0.0027984560095289353
0.003180698074659123
0.0038268912335715716
0.003639783302555801
0.0016619065417932716
0.0032539951714943764
0.0026114255121709616
0.0031173275426544097
0.0033496358456833993
0.002860083908465734
0.0028544809669082552
0.0016445867558267466
0.0026135525140246856
0.002594121422367241
0.0021857408952258833
0.0009129609933322299
0.0029782563732120666
0.002867240417299751
0.002766495308883995
0.0024821361724150347
0.0020220221764771177
0.0032340681931295133
0.002455247877541795
0.0003389774321501953
0.002644232293237392
0.002085158952074983
0.0021278326920886994
0.002653439182088324
0.0021620430603439406
0.002124179711657603
0.0008154585608392265
0.001250588860659592
0.0023528923076116316
0.00261032228873001
0.001485745348256482
0.002092064522327093
0.00214988882216414
0.002288985605435229
0.002465671758337767
0.0021036242242566698
0.0021772223665391484
0.002062239900079921
0.0003119359123917479
0.0020954282140573685
0.0021023310213875647
0.0020920055831963407
0.0021109649044411143
0.002173192956476484
0.002235580284726754
0.002254355584343662
0.00209296159935503
0.002113660256695366
0.0022548580087385812
0.0020823871020437417
0.0020657958186175774
0.0020950066604429923
0.0022795366713988224
0.002193161202343303
0.0020933461366672477
0.0022833683369089487
0.002039333903117747
0.0020899905613376165
0.0021942927889844438
0.0005162491146119637
0.0021242751207363997
0.0020954282140573694
0.001015980759854302
0.0020336653656015994
0.0022534570431917257
0.002202731113394004
0.002224767330874574
0.0020622399000799216
0.002087406445713423
0.0020336653656016
0.002096854173824239
0.0020362483176255006
0.001093059293980735
0.001400938374308968
0.0015112584588997725
0.002232429796587439
0.0002730595978378082
0.0023881362637862454
0.0015890334736091034
0.00024365022600900314
0.0021038364190111014
0.0002440037406414559
0.0020606757106247982
0.002370940374002449
0.0021349238072891938
0.0021012008734258678
0.001991125614156916
0.0018670058421569875
0.0017143488546424778
0.0022610240171750495
0.0018712358498999527
0.0023689886036933746
0.001412655977345438
0.0013644520942929686
0.0016796543994438773
0.002207271102592229
0.002445547402827239
0.002407327112946615
0.002214287035465171
0.0018672526030892556
0.0019338959479131813
0.0013862231567082649
0.0007937202478040968
0.000775541667269127
0.00046868613806460836
0.0014411364387847873
0.0021548590754738904
0.0009875027197040341
0.002224654552524864
0.0018646222742043958
0.0013822211375097318
0.0015410180324706706
0.0015151940703679988
0.002170163737942525
0.0021042954297505537
0.001986470526846102
0.0013705733692544282
0.0017480755008475388
0.0017393670493161708
0.0004663574438179302
0.0014838214019418598
0.0010537030797780624
0.0015588200674256229
0.0014181333938883365
0.0010166336388211185
0.0012451552932115555
0.0023549363906013457
0.0009145386641592587
0.0005415004984607247
0.0004892951590247966
0.0006109154258676004
0.0005533177268866075
0.0009947029176167134
0.0008000354137251837
0.0009689822274454809
0.0010063238219144663
0.0010578923634139484
0.0012311627132540822
0.0018915686896041513
0.002810984022095036
0.0009282383405851401
0.0006503751560182378
0.00045415832034589724
0.0021522198515251337
0.0028724409903426247
0.0002640790087755639
0.00021832151952997736
0.00021832151952997736
0.0002839597217888344
0.002095594588564557
0.00025198788065284775
0.0004072469610123544
0.00040655591575002254
0.0003155978239343887
0.0004596269269330194
0.0004568092544676857
0.00047284984974455566
0.0003458928768266444
0.003389084675075151
0.00039175084879098315
0.0009705973881612884
0.0003233644648677965
0.0011935880961175893
0.0013248296511286972
0.0016223998716108226
0.0010558658665458021
0.0013176114838900537
0.0012645798550238506
0.0011427373356597142
0.0009943582453898004
0.0008716808696916659
0.0008716515764129319
0.000828303843006399
0.0008093302700684483
0.0004771036666851056
0.0007475308532201096
0.0007148285706877563
0.0006789573452078193
0.0004499861255973512
0.0005678213128034305
0.00037229457485864475
0.00044696913788071647
0.00048792289306883254
0.00028038479061775334
0.0002424400534327288
0.0002424400534327288
0.0007603334414430916
0.0007328733807858809
0.0007178721985689082
0.0006331550722010565
0.0007007970073818662
0.00048463201523036724
0.00048755702497368513
0.00022245187145851137
0.0007293574971296075
0.000661277758168425
0.00022440638932687637
0.00022440638932687637
0.00022440638932687637
0.00025171621297967006
0.0003363139684776259
0.00022245187145851137
0.00039107337580166564
0.0004551372868371085
0.0005950373201781462
0.00043584620076482847
0.0004314400956868139
0.0004283064965794251
0.00045020346211764877
0.0005709429927991432
0.0005169478866472829
0.000525685149027252
0.0005344299751726781
0.0005090260016006058
0.0004938349635611513
0.0006859668470820602
0.0004860260159011657
0.0004194250460489726
0.0003911960533073613
0.00035854934745114614
0.000478626187381013
0.00033021079946489744
0.0003038183182143236
0.00025280949018622754
0.0006029988625818185
0.00027409678520904745
0.0009580568575196741
0.0012935466531501802
0.0006737742040746025
0.0012935466531501802
0.0011832812464310045
0.001318122219052537
0.001232403977116378
0.0012935466531501802
0.00129354665315018
0.0012935466531501802
0.001322291359017962
0.0012524849790248609
0.0012339889099015526
0.0013202928422141745
0.0013045207185033996
0.0013271916692598456
0.0013164687151765808
0.0013593923787901636
0.00022897937349620752
0.001130334101275001
0.0008538238716389057
0.0017004441844335999
0.0013782970782299931
0.0004779447019959154
0.0005647611755632377
0.0009415774820882885
0.0005676577260530203
0.0006165926938016527
0.0005533238405810493
0.00047643658808154803
0.0005899891678116752
0.00041116454031517546
0.0004111109870862689
0.0004417529872934727
0.00042071322649870344
0.00039097765687887154
0.0004450219763215769
0.0003952637342978214
0.00028886041416011863
0.000971499842387677
0.0010615163495408919
0.0005826046949304993
0.00043413978136115996
0.0013142506451601806
0.000396750989000105
0.0004322492552161103
0.0005686489400133667
0.0006100886515906688
0.00036963549912870483
0.0006808236420535009
0.0006556943443512879
0.0007237530563132948
0.0009909458950051557
0.0009055094387816148
0.0009253869590911868
0.0009356619080421872
0.0007514447334038279
0.0002378441195446117
0.0006786599363617715
0.001233663829562084
0.0013353900107085012
0.001687233629731839
0.0012616368826202568
0.0012082829191934839
0.0016231670149619033
0.0018102629767403854
0.0012362245508849656
0.001195818392912298
0.0018250428246317039
0.0012477901661066787
0.0012867096689879694
0.0016720994444282952
0.0012392764893543464
0.0013272243738042104
0.0016764965087711508
0.0012479722233558722
0.00020988540949554507
0.0015801496849791599
0.0012354295252518877
0.0017558050526715794
0.0012456184169388458
0.001635550415188205
0.0012353238197338546
0.0016899441148736914
0.0011807325718414606
0.0016231670149619033
0.0011882928170247869
0.0021537022934759393
0.0017142327139851932
0.0010985365995022584
0.0010667001957646608
0.0009179791798153235
0.0008475236759588187
0.0008089651435916801
0.0007844319918903046
0.0013287616796139492
0.0007269777575463226
0.0013009607601624288
0.0011888769746814438
0.0015801496849791594
0.00022438204594907584
0.00022438204594907584
0.00034119955399516066
0.00029333051735720467
0.0003797459766363793
0.0005897702892862197
0.0005291612831813766
0.00043357113904883907
0.0005608781703597337
0.0012295308796607756
0.0011837790317702655
0.0007043732551600588
0.0002273148352530045
0.0002273148352530045
0.00030408548592651875
0.0003938089465488196
0.00035735635474680243
0.0007927355319984965
0.0004322131988793875
0.0005990179852269895
0.0005422516220534727
0.0005093908496366304
0.0005761788443696748
0.0005647707369669688
0.000993502414022492
0.00033136874859812334
0.0006192074609179689
0.0007325215418318267
0.0005719806275859604
0.0005789488348827846
0.00048378350916302354
0.00046041341025928944
0.0004910167134459466
0.00024975516543325666
0.00024975516543325666
0.000421165334869781
0.000494698062243173
0.00048604920234947497
0.0003008515820462994
0.0003177831708710547
0.0005856643914898247
0.0002929579552403577
0.00023336465259242615
0.00037933248298819606
0.00022740265460177342
0.00022740265460177342
0.00022740265460177342
0.0003189120158344622
0.00028155378822989225
0.00022627532223704904
0.00026133684299125404
0.000512147035949021
0.0004958974104635985
0.0004604499007157629
0.0004965781573382429
0.0002525931861631845
0.000583937386310822
0.0004816534166230792
0.0002525931861631845
0.0003728717773206815
0.000654548477347427
0.0003665075245741735
0.0006008392000957503
0.0007269777575463226
0.001685516731216429
0.00074214850237577
0.000579194774913217
0.00024998791939081697
0.000241635425687511
0.0002523809057475598
0.0002523809057475598
0.0004932052231204892
0.00024998791939081697
0.00033237875590141723
0.00024983876260361687
0.000569450090810575
0.0003200261374198414
0.0005551122597027417
0.00042489267124765393
0.0006243200692943408
0.0010857740335205143
0.0005419686210217516
0.0003754994169441989
0.00039311911865213216
0.0005980235291033129
0.007661016430690796
0.01294166459570729
0.00022166801362360534
0.016765524091032106
0.00022084137990012803
0.0002475826052421959
0.0005564990438818938
0.0006825485619229548
0.000254858750985817
0.0011037527593818985
0.0011037527593818985
0.00022824925752451273
0.00022084137990012803
0.0001949497936133089
0.00019557613540201053
0.00036720202581038043
0.0002486859202351126
0.0001934074542422694
0.00023264691178534374
0.00020181380872322124
0.00041907612942260924
0.0011037527593818985
0.0011037527593818985
0.0011037527593818985
0.0011037527593818985
0.0002527902590898765
0.00019746365481461097
0.00022166801362360534
0.0005342884941301808
0.0011037527593818985
0.0011037527593818985
0.0011037527593818985
0.0011037527593818985
0.00025591727064684736
0.000214524296478357
0.0002222320845855405
0.00024977815315225984
0.0011037527593818985
0.0011037527593818985
0.000214524296478357
0.00021095286740541524
0.00026623133339825846
0.0005229467835805144
0.0003878152904886639
0.00047013956384808135
0.00019734482756252349
0.0002092268387799574
0.00020062443466148982
0.00020062443466148982
0.00020062443466148982
0.00019592053263500097
0.00019592053263500097
0.00025049159084480774
0.0003274048632316342
0.0008502917363009061
0.00032315726054666375
0.00024233356458079906
0.00022166801362360534
0.00025386536302369415
0.000392390525720647
0.000214524296478357
0.00042437020932925123
0.000214524296478357
0.000214524296478357
0.00026980276247120025
0.00025579181421683914
0.00022475768507365705
0.00019750534924751697
0.00019750534924751697
0.00019750534924751697
0.00023307449617493588
0.0005045755928750052
0.0011037527593818985
0.0011037527593818985
0.00019395638146283702
0.00019395638146283702
0.0004860698244705155
0.0002381020384714697
0.00019077693761300973
0.00022084137990012803
0.00020459396003659543
0.00020459396003659543
0.00023412077385256361
0.0002812453200968444
0.0002095264711931507
0.0003574819613856293
0.00019626566121984195
0.00026582386495612804
0.0001911020877290537
0.0003419411172192003
0.0002488588831420982
0.00022658204573712716
0.00019324273552337164
0.00019313949992235226
0.00019313949992235226
0.000214524296478357
0.00019910763131211466
0.00019910763131211466
0.00019969789302599596
0.00019558344487992534
0.00022084137990012803
0.00022084137990012803
0.0001993298706546697
0.00022084137990012803
0.00028864311858526937
0.00020164768542233974
0.000579884469115737
0.00024063660794027567
0.0002517529177331264
0.00022084137990012803
0.00022166801362360534
0.000214524296478357
0.0001974252273020773
0.00035082750317848006
0.00019854423633742979
0.0002895813858846279
0.0002469022843752603
0.0002136021078086219
0.00022440638932687637
0.00039311911865213216
0.00019610095373240931
0.00025042379240375735
0.0005616561905674405
0.0007286533110194629
0.0001966851593735559
0.0001952681367684065
0.00019078171454294115
0.000214524296478357
0.00022166801362360534
0.0005011626083597156
0.00019121114685543268
0.0011037527593818985
0.0011037527593818985
0.0005362054937631186
0.0003174877997574645
0.00019868607809782817
0.0002476474606689004
0.0001956728789132513
0.00019587342374983074
0.0002519785234661513
0.000251151889742674
0.00022166801362360534
0.00022166801362360534
0.0004144702804291541
0.0002032570492800297
0.0002346652695711327
0.0002032570492800297
0.00026868891130880506
0.00019586044007454702
0.00020945806890453668
0.00020313412597748566
0.00020313412597748566
0.0004842214915972464
0.00020003304948558687
0.0001952080968984856
0.00019909057569175137
0.00022209929083468646
0.00022166801362360534
0.0004752405810085739
0.0002551373292834489
0.00019754748748147322
0.00022084137990012803
0.00019076762233259873
0.00019429224985628767
0.0003013344802303913
0.0001980490238330957
0.0001980490238330957
0.0001980490238330957
0.0001980490238330957
0.00022166801362360534
0.0001908309307994988
0.00020255729232609507
0.00025769757378427
0.00019280825430947632
0.000214524296478357
0.0011037527593818985
0.0011037527593818985
0.00019120568256336535
0.0002525931861631845
0.000307558981174021
0.00022084137990012803
0.0002622573068247217
0.00019932998730656573
0.00019932998730656573
0.00019279668250051906
0.00019279668250051906
0.0002044472122915932
0.00022166801362360534
0.00027036901813914444
0.00020571433520910046
0.00020571433520910046
0.00019657822129873708
0.00019382495576324632
0.00019382495576324632
0.00019234819906002737
0.00022166801362360534
0.00019886527685922023
0.00019886527685922023
0.000214524296478357
0.00019351653082424304
0.00022166801362360534
0.0002126232522400869
0.00020124392304219613
0.00019091412721176072
0.0002126764017297234
0.00022084137990012803
0.0001992292750301552
0.0001992292750301552
0.0001992292750301552
0.00019339290917385276
0.0002708509278156187
0.00022166801362360534
0.00022084137990012803
0.00019828859914411938
0.00022084137990012803
0.00022084137990012803
0.00022084137990012803
0.00022084137990012803
0.00022084137990012803
0.00022084137990012803
0.00022084137990012803
0.00022084137990012803
0.00022084137990012803
0.00022084137990012803
0.00022084137990012803
0.00022084137990012803
0.00022084137990012803
0.00022084137990012803
0.00022166801362360534
0.00021285800426089845
0.00020171178368087582
0.00020171178368087582
0.00022166801362360534
0.00022166801362360534
0.0001996024013190472
0.0001983769637462236
0.0001983769637462236
0.0001975631786959584
0.0001975631786959584
0.0001996024013190472
0.000196356370280859
0.00020021848808740827
0.00022084137990012803
0.0001917907875188965
0.00020132159746163972
0.00020132159746163972
0.00020132159746163972
0.00019469922154577259
0.00022084137990012803
0.00023602103215845049
0.00023602103215845049
0.00019526107387305973
0.0002513661735893803
0.00019890443120354793
0.00019890443120354793
0.00019890443120354793
0.0011037527593818985
0.0011037527593818985
0.00019629258634323748
0.00019629258634323748
0.00019629258634323748
0.00019629258634323748
0.00019629258634323748
0.00019629258634323748
0.000214524296478357
0.00022825030031647486
0.00020350765109230934
0.00019291377096808352
0.00022166801362360534
0.00022166801362360534
0.00022166801362360534
0.00022166801362360534
0.00022166801362360534
0.00022166801362360534
0.00022166801362360534
0.00022166801362360534
0.00022166801362360534
0.00022166801362360534
0.00022166801362360534
0.00022166801362360534
0.00022166801362360534
0.00022166801362360534
0.00022166801362360534
0.00019291377096808352
0.000214524296478357
0.00022166801362360534
0.00021311525659145706
0.0011037527593818985
0.0011037527593818985
0.0002007265064306249
0.000214524296478357
0.00022166801362360534
0.00019508972772325298
0.00021256880605426254
0.00019508972772325298
0.00019243276495158553
0.0002003650652161535
0.0002003650652161535
0.0002539309925704023
0.0002003650652161535
0.0002498598625500046
0.0002003650652161535
0.0001933283153772993
0.00019794974532757952
0.00023064926298853804
0.00020966215920636055
0.0005367791427688824
0.00022166801362360534
0.00027567748868612656
