0.10714285714285714
0.8823529411764706
0.5680304471931494
0.6957831325301205
1.0
0.6369426751592356
1.0
1.0
0.6585365853658537
0.9337748344370861
0.9097283085013146
0.9767441860465116
0.8289473684210527
0.9706632883901909
0.21634615384615385
0.7959183673469388
0.27655310621242485
0.16727605118829983
1.0
0.24444444444444444
0.8349293205654355
1.0
0.9337487700885536
0.0
0.6341463414634146
1.0
1.0
0.0
0.0
0.0
0.0
0.0
0.0
0.0
0.0
0.0
0.23076923076923078
0.0
0.0
0.0
0.0
0.0
0.0
0.0
0.0
0.0
0.0
0.0
0.0
0.0
0.0
0.0
0.0
0.0
0.0
0.0
0.0
0.0
0.0
0.0
0.0
0.0
0.0
0.0
0.0
