0.09583333333333333
0.8857142857142859
0.6349461385175671
0.746477133977134
1.0
0.6511303511303512
1.0
1.0
0.6916666666666667
0.9444444444444444
0.8618527306027306
0.9777777777777776
0.7872571872571872
0.9195741204971476
0.20939454064454063
0.7142857142857143
0.1874146539040156
0.14824326859930573
1.0
0.20953293775919768
0.826437821193617
1.0
0.8900789555588318
0.0
0.579047619047619
1.0
1.0
0.0
0.0
0.0
0.0
0.0
0.0
0.0
0.0
0.0
0.21428571428571427
0.0
0.0
0.0
0.0
0.0
0.0
0.0
0.0
0.0
0.0
0.0
0.0
0.0
0.0
0.0
0.0
0.0
0.0
0.0
0.0
0.0
0.0
0.0
0.0
0.0
0.0
0.0
0.0
