-0.53658536585366
-0.2666666666666736
-0.21902294896183014
-0.23281673500591
0.0
-0.14229443623830573
0.0
0.0
-0.4377880184331819
-0.26543209876541835
-0.1608922302209266
-0.22222222222219928
-0.1678252234359513
-0.037208480820906824
-0.2953387431590872
-0.28000000000000014
-0.13405865585991575
-0.07446310407266063
0.0
-0.09246832749237081
-0.19053222211146478
0.0
-0.10365076966258191
0.0
-0.08125399872041018
0.0
0.0
0.0
0.0
-1.0
0.0
0.0
0.0
0.0
0.0
0.0
-0.45454545454545453
0.0
0.0
0.0
0.0
0.0
0.0
0.0
0.0
0.0
0.0
0.0
0.0
0.0
0.0
0.0
0.0
-0.5000000000000027
0.0
0.0
0.0
0.0
0.0
0.0
0.0
0.0
0.0
0.0
0.0
