0.1111111111111111
0.9551357733175915
0.8035882908404155
0.8643122676579925
0.9643765903307888
0.8457583547557841
0.9909774436090225
0.9628252788104089
0.9524680073126143
0.9107725788900979
0.8665740097289785
0.9269709543568465
0.8459119496855346
0.35820492024871586
0.6716417910447762
0.952054794520548
0.5702479338842975
0.5337423312883436
0.0
0.21850079744816586
0.035035035035035036
0.0
0.06005221932114883
0.9259259259259259
0.844311377245509
0.0
0.0
1.0
0.0
0.42857142857142855
1.0
0.5
0.8
0.75
0.0
1.0
0.1111111111111111
0.5
0.0
0.0
0.75
0.3333333333333333
0.0
1.0
1.0
0.0
0.0
0.0
0.0
0.6
0.3333333333333333
0.0
0.3333333333333333
0.0
0.6
0.6
0.0
0.0
0.0
0.0
0.0
0.0
0.0
0.0
0.0
