1.375
0.5
4.310344827586207
2.9166666666666665
1.1666666666666667
1.5
2.5714285714285716
1.75
1.5
2.2222222222222223
4.266666666666667
4.214285714285714
2.6
15.56
0.25
1.2424242424242424
1.0
1.3333333333333333
0.75
1.7272727272727273
2.0
1.4
9.222222222222221
0.0
1.0
5.894736842105263
1.0
2.3076923076923075
0.6666666666666666
0.5
1.8
0.0
1.0
0.3333333333333333
0.0
0.5
0.5
0.5
0.3333333333333333
0.6666666666666666
0.5
0.5
0.6666666666666666
0.3333333333333333
0.3333333333333333
0.0
0.5
0.3333333333333333
0.5
0.8571428571428571
0.5
0.5
0.5
0.0
0.0
1.0
0.0
0.5
0.0
0.5
0.5
0.5
0.6666666666666666
0.5
0.5
0.0
0.5
0.5
0.0
0.5
0.5
0.5
1.0
0.6666666666666666
0.5
0.5
0.5
0.5
0.3333333333333333
0.5
0.5
0.5
0.5
0.5
0.5
0.5
0.5
