0.42857142857142855
0.9047619047619048
0.49523809523809526
0.6083333333333333
1.0
0.5714285714285714
1.0
1.0
0.4642857142857143
0.9111111111111111
0.8
0.9777777777777777
0.6282051282051282
0.7993265993265993
0.15942028985507245
0.6666666666666666
0.07215541165587419
0.05333333333333334
1.0
0.08158508158508158
0.765079365079365
1.0
0.8571428571428571
1.0
0.5777777777777777
1.0
1.0
0.0
1.0
0.6666666666666666
0.0
1.0
0.3333333333333333
1.0
1.0
0.0
0.38095238095238093
1.0
1.0
1.0
1.0
1.0
1.0
0.0
0.0
1.0
1.0
1.0
1.0
1.0
1.0
1.0
1.0
0.5
0.3333333333333333
1.0
1.0
1.0
1.0
1.0
1.0
1.0
1.0
1.0
1.0
