0.19999999999999996
0.0
0.0
0.0
0.33333333333333337
0.33333333333333337
0.0
0.0
0.9590163934426229
0.9627329192546584
0.9519230769230769
0.9612903225806452
0.9512195121951219
0.9418604651162791
0.9479166666666666
0.7105263157894737
0.8070175438596492
0.8260869565217391
0.8648648648648649
0.7777777777777778
0.8142857142857143
0.7083333333333333
0.7936507936507937
0.8148148148148149
0.8157894736842105
0.8059701492537313
0.8297872340425532
0.7894736842105263
0.7837837837837838
0.7959183673469388
0.8536585365853658
0.8
0.7887323943661972
0.8571428571428572
0.8518518518518519
0.75
0.8421052631578947
0.8522727272727273
0.8857142857142857
0.8533333333333333
0.8859649122807017
0.8928571428571429
0.875
0.8695652173913043
0.847457627118644
0.8367346938775511
0.86
0.9
0.8333333333333334
0.8666666666666667
0.8378378378378378
0.8656716417910448
0.9662921348314607
0.9627329192546584
0.9666666666666667
0.9675675675675676
0.9612903225806452
0.9615384615384616
0.9634146341463414
0.8656716417910448
0.8200000000000001
0.7966101694915254
0.9210526315789473
0.8409090909090909
0.8125
0.8412698412698413
0.8333333333333334
0.864406779661017
0.925
0.8545454545454545
0.8421052631578947
0.8604651162790697
0.8356164383561644
0.8048780487804879
0.9899497487437185
0.991869918699187
0.990909090909091
0.9647887323943662
0.962962962962963
0.9618320610687023
0.9618320610687023
0.9645390070921985
0.9606299212598425
0.9619047619047619
0.9404761904761905
0.9557522123893806
0.9692307692307692
0.9285714285714286
0.9333333333333333
0.0
0.9516129032258065
0.9191919191919192
0.898876404494382
0.91
0.912621359223301
0.9032258064516129
0.9058823529411765
0.8961038961038961
0.9215686274509804
0.9181818181818182
0.9180327868852459
0.8653846153846154
0.8803418803418803
0.8761061946902655
0.8734177215189873
0.884297520661157
0.8852459016393442
0.8478260869565217
0.8703703703703703
0.8645833333333334
0.8518518518518519
0.8494623655913979
0.8552631578947368
0.8513513513513513
0.8737864077669903
0.8363636363636364
0.8
0.9318181818181819
0.923728813559322
0.9312977099236641
0.9256198347107438
0.923728813559322
0.923728813559322
0.9298245614035088
0.923728813559322
0.9262295081967213
0.9292035398230089
0.8450704225352113
0.8571428571428572
0.8709677419354839
0.8518518518518519
0.8490566037735849
0.8548387096774194
0.85
0.8166666666666667
0.8461538461538461
0.8235294117647058
0.8888888888888888
0.7647058823529411
0.8421052631578947
0.3466666666666667
0.3648648648648649
0.3918918918918919
0.3733333333333333
0.33783783783783783
0.3513513513513513
0.34246575342465757
0.35526315789473684
0.3287671232876712
0.3733333333333333
0.3513513513513513
0.3648648648648649
0.3287671232876712
0.36363636363636365
0.34246575342465757
0.34246575342465757
0.3472222222222222
0.368421052631579
0.3733333333333333
0.3513513513513513
0.3513513513513513
0.33783783783783783
0.36363636363636365
0.3783783783783784
0.36
0.3648648648648649
0.3783783783783784
0.3466666666666667
0.35526315789473684
0.37662337662337664
0.33783783783783783
0.3513513513513513
0.33783783783783783
0.35526315789473684
0.33783783783783783
0.3648648648648649
0.3561643835616438
0.3466666666666667
0.3466666666666667
0.3513513513513513
0.3561643835616438
0.3648648648648649
0.3648648648648649
0.36363636363636365
0.3648648648648649
0.37662337662337664
0.3648648648648649
0.3513513513513513
0.368421052631579
0.37037037037037035
0.2857142857142857
0.6666666666666667
0.0
0.0
0.5
0.8571428571428572
0.6666666666666667
0.8571428571428572
0.6666666666666667
0.7027027027027026
0.6666666666666667
0.3846153846153846
0.33333333333333337
0.5
0.625
0.625
0.625
0.8333333333333334
0.7
0.5
0.7142857142857143
0.75
0.7058823529411764
0.25
0.8
0.9
0.8333333333333334
0.5
0.7692307692307692
0.946236559139785
0.956140350877193
0.9494949494949495
0.9611650485436893
0.9230769230769231
0.9615384615384616
0.9642857142857143
0.5675675675675675
0.0
0.6111111111111112
0.7037037037037037
0.5789473684210527
0.23076923076923073
0.625
0.6666666666666667
0.0
0.0
0.45833333333333337
0.4
0.33333333333333337
0.5
0.5
0.5
0.0
0.6666666666666667
0.8
0.46153846153846156
0.4545454545454546
0.5714285714285714
0.6666666666666667
0.75
0.6
0.8333333333333334
0.4
0.6666666666666667
0.6666666666666667
0.0
0.75
0.75
0.5
0.5714285714285714
0.0
0.5
0.625
0.0
0.6666666666666667
0.5
0.0
0.4444444444444444
0.5
0.0
0.75
0.0
0.6666666666666667
0.75
0.4
0.46153846153846156
0.625
0.5333333333333333
0.7142857142857143
0.5
0.8571428571428572
0.25
0.5
0.33333333333333337
0.4878048780487805
0.6470588235294117
0.6521739130434783
0.7142857142857143
0.375
0.5
0.625
0.5
0.0
0.5384615384615384
0.5
0.1428571428571429
0.6
0.5
0.5
0.5
0.5
0.625
0.625
0.5714285714285714
0.42105263157894735
0.5
0.8888888888888888
0.25
0.5
0.0
0.25
0.33333333333333337
0.4444444444444444
0.0
0.7142857142857143
0.7777777777777778
0.5
0.0
0.5
0.5
0.5
0.625
0.19999999999999996
0.25
0.7777777777777778
0.4285714285714286
0.33333333333333337
0.4
0.8333333333333334
0.5
0.0
0.6666666666666667
0.0
0.6
0.25
0.5714285714285714
0.0
0.0
0.6
0.25
0.6
0.0
0.0
0.5
0.0
0.0
0.0
0.19999999999999996
0.5714285714285714
0.0
0.0
0.0
0.0
0.0
0.0
0.19999999999999996
0.5
0.25
0.5
0.16666666666666663
0.0
0.19999999999999996
0.32432432432432434
0.17647058823529416
0.2142857142857143
0.1724137931034483
0.11111111111111116
0.25
0.0
0.17391304347826086
0.16666666666666663
0.2142857142857143
0.09999999999999998
0.30000000000000004
0.1333333333333333
0.2857142857142857
0.0
0.5454545454545454
0.1428571428571429
0.0
0.25
0.6
0.1578947368421053
0.375
0.19999999999999996
0.19999999999999996
0.25
0.0
0.11111111111111116
0.25
0.0
0.4
0.25
0.11111111111111116
0.33333333333333337
0.36363636363636365
0.25
0.16666666666666663
0.0
0.0
0.25
0.25
0.5
0.08333333333333337
0.0
0.0
0.375
0.4285714285714286
0.0
0.4
0.25
0.125
0.0
0.0
0.0
0.0
0.5
0.0
0.19999999999999996
0.0
0.0
0.0
0.0
0.19999999999999996
0.5
0.2857142857142857
0.0
0.0
0.0
0.0
0.0
0.0
0.02857142857142858
0.02857142857142858
0.08571428571428574
0.05882352941176472
0.05714285714285716
0.02857142857142858
0.02941176470588236
0.040000000000000036
0.05714285714285716
0.02857142857142858
0.02941176470588236
0.02941176470588236
0.040000000000000036
0.0
0.0
0.0
0.04166666666666663
0.0
0.0
0.040000000000000036
0.0
0.04166666666666663
0.02941176470588236
0.08333333333333337
0.0
0.07999999999999996
0.040000000000000036
0.12
0.08333333333333337
0.02857142857142858
0.02941176470588236
0.0
0.040000000000000036
0.0
0.0
0.0
0.0
0.0
0.0
0.0
0.10526315789473684
0.0
0.052631578947368474
0.10526315789473684
0.0
0.052631578947368474
0.11111111111111116
0.20833333333333337
0.052631578947368474
0.052631578947368474
0.052631578947368474
0.0
0.10526315789473684
0.052631578947368474
0.0
0.0
0.10526315789473684
0.0
0.052631578947368474
0.0
0.052631578947368474
0.9285714285714286
0.9230769230769231
0.875
0.8292682926829268
0.8461538461538461
0.8571428571428572
0.8125
0.8709677419354839
0.8125
0.8076923076923077
0.9166666666666666
0.8181818181818181
0.0
0.0
0.0
0.0
0.0
0.0
0.0
0.0
0.0
0.0
0.0
0.5
0.5
0.0
0.0
0.5
0.5
0.8
0.5
0.0
0.75
0.75
0.0
0.0
0.0
0.0
0.0
0.0
0.25
0.0
0.5
0.0
0.0
0.5
0.5
0.0
0.0
0.0
0.0
0.6666666666666667
0.8
0.5
0.0
0.0
0.0
0.0
0.0
0.0
0.0
0.0
0.0
0.0
0.0
0.0
0.0
0.0
0.0
0.5
0.6666666666666667
0.5
0.0
0.0
0.0
0.5
0.0
0.0
0.0
0.0
0.0
0.0
0.5
0.5
0.6666666666666667
0.5
0.0
0.0
0.0
0.0
0.0
0.0
0.0
0.0
0.0
0.0
0.0
0.0
0.0
0.0
0.0
0.0
0.0
0.0
1.0
1.0
1.0
1.0
1.0
1.0
1.0
1.0
1.0
1.0
1.0
1.0
1.0
1.0
1.0
1.0
1.0
1.0
1.0
1.0
1.0
1.0
1.0
1.0
1.0
1.0
1.0
1.0
1.0
1.0
1.0
1.0
1.0
1.0
1.0
1.0
1.0
1.0
1.0
1.0
1.0
1.0
1.0
1.0
1.0
1.0
1.0
1.0
1.0
1.0
1.0
1.0
1.0
1.0
1.0
1.0
1.0
1.0
1.0
1.0
1.0
1.0
1.0
1.0
1.0
1.0
1.0
1.0
1.0
1.0
1.0
1.0
1.0
1.0
1.0
1.0
1.0
1.0
1.0
1.0
1.0
1.0
1.0
1.0
1.0
1.0
1.0
1.0
1.0
1.0
1.0
1.0
1.0
1.0
1.0
1.0
1.0
1.0
1.0
1.0
1.0
1.0
1.0
1.0
1.0
1.0
1.0
1.0
1.0
1.0
1.0
1.0
1.0
1.0
1.0
1.0
1.0
1.0
1.0
1.0
1.0
1.0
1.0
1.0
1.0
1.0
1.0
1.0
1.0
1.0
1.0
1.0
1.0
1.0
1.0
1.0
1.0
1.0
1.0
1.0
1.0
1.0
1.0
1.0
1.0
1.0
1.0
1.0
1.0
1.0
1.0
1.0
1.0
1.0
1.0
1.0
1.0
1.0
1.0
1.0
1.0
1.0
1.0
1.0
1.0
1.0
1.0
1.0
1.0
1.0
1.0
1.0
1.0
1.0
1.0
1.0
1.0
1.0
1.0
1.0
1.0
1.0
1.0
1.0
1.0
1.0
1.0
1.0
1.0
1.0
1.0
1.0
1.0
1.0
1.0
1.0
1.0
1.0
1.0
1.0
1.0
1.0
1.0
1.0
1.0
1.0
1.0
1.0
1.0
1.0
1.0
1.0
1.0
1.0
1.0
1.0
1.0
1.0
1.0
1.0
1.0
1.0
1.0
1.0
1.0
1.0
1.0
1.0
1.0
1.0
1.0
1.0
1.0
1.0
1.0
1.0
1.0
1.0
1.0
1.0
1.0
1.0
1.0
1.0
1.0
1.0
1.0
1.0
1.0
1.0
1.0
1.0
1.0
1.0
1.0
1.0
1.0
1.0
1.0
1.0
1.0
1.0
1.0
1.0
1.0
1.0
1.0
1.0
1.0
1.0
1.0
1.0
1.0
1.0
1.0
1.0
1.0
1.0
1.0
1.0
1.0
1.0
1.0
1.0
1.0
1.0
1.0
1.0
1.0
1.0
1.0
1.0
1.0
1.0
1.0
1.0
1.0
1.0
1.0
1.0
1.0
1.0
1.0
1.0
1.0
1.0
1.0
1.0
1.0
