0.0011806131210730147
0.00013085885417147528
0.007525331910140444
0.004382751005485795
-0.0013046444512384739
0.004442807974559689
-0.0007777430891986472
-0.00010268955320673215
0.0005546944574514479
0.0019899453410709153
0.004433145559675954
0.0008111452880506897
0.003846296449529268
0.08374784874742629
0.004161076130790643
0.0005516581145678625
0.007365665419130219
0.013945061232235222
0.0009843478975755091
0.02318613317787258
0.045070083016963886
0.0005908417432749811
0.01737970385700787
9.67624953956081e-05
0.0022910675471876567
0.0002955082484111189
0.0002955082484111189
-1.1892949743860326e-07
9.852216653117927e-05
0.00019694482062572623
-2.427132600787822e-09
9.849304093996982e-05
9.828916180150364e-05
9.8376538575132e-05
9.852216653117927e-05
-9.708530403151289e-09
0.0007874686095300041
9.849304093996982e-05
9.852216653117927e-05
9.852216653117927e-05
9.8376538575132e-05
9.851003086817533e-05
9.852216653117927e-05
-9.708530403151289e-09
-9.708530403151289e-09
9.852216653117927e-05
9.852216653117927e-05
9.852216653117927e-05
9.852216653117927e-05
9.847119674656273e-05
9.851003086817533e-05
9.852216653117927e-05
9.851003086817533e-05
0.0002955082484111189
9.847119674656273e-05
9.847119674656273e-05
9.852216653117927e-05
9.852216653117927e-05
9.852216653117927e-05
9.852216653117927e-05
9.852216653117927e-05
9.852216653117927e-05
9.852216653117927e-05
9.852216653117927e-05
9.852216653117927e-05
