319
276
243
213
189
186
181
171
173
161
159
157
155
149
144
142
139
138
136
130
130
127
125
123
118
120
120
119
115
117
117
112
117
112
113
111
110
112
110
102
106
104
105
105
103
102
102
97
99
98
94
95
92
90
91
90
90
85
86
83
83
82
84
78
79
78
77
78
74
77
76
77
76
75
76
74
74
75
74
75
75
73
74
74
74
74
74
74
73
73
72
73
72
72
72
73
73
73
72
74
73
72
73
72
72
74
71
73
73
73
71
73
73
70
72
69
71
71
71
69
69
67
66
67
64
65
64
63
63
59
61
59
60
60
58
58
57
55
51
53
53
53
54
53
53
50
49
49
49
47
47
47
45
44
44
42
43
41
42
41
40
39
37
38
38
36
37
37
37
36
35
34
34
35
35
34
35
35
35
34
34
32
32
32
29
27
27
26
26
25
24
25
25
25
25
25
24
24
24
24
24
24
24
23
20
20
19
18
18
19
19
16
18
19
19
19
19
19
19
18
19
19
18
19
19
17
18
18
17
17
14
14
14
13
12
11
12
12
12
12
12
11
10
10
10
10
10
10
10
10
9
9
9
9
8
8
8
8
8
8
8
8
8
8
7
7
7
7
7
7
7
7
7
6
6
6
6
5
5
5
5
5
4
4
4
4
4
4
4
4
3
3
3
3
3
3
2
2
2
2
2
2
1
2
1
1
1
1
1
1
1
1
1
1
1
1
1
1
1
1
120
118
78
73
75
75
75
63
62
41
40
38
38
35
35
35
33
30
28
25
24
24
24
24
23
20
19
18
19
19
15
13
13
12
12
12
10
9
9
8
8
7
7
6
6
5
4
4
4
4
3
3
3
3
3
2
2
2
1
1
1
1
1
1
1
1
1
1
1
1
1
102
77
74
74
74
59
43
38
35
26
25
24
22
21
18
15
15
14
11
10
9
9
8
8
8
8
7
6
5
5
4
4
4
4
4
3
2
2
1
1
1
1
1
1
1
1
1
1
1
1
1
1
24
9
7
6
6
6
5
5
4
3
3
3
3
2
2
2
1
1
1
1
1
1
1
1
1
1
30
21
14
8
8
7
5
4
3
2
1
1
1
1
1
27
23
9
8
7
4
3
2
2
2
2
1
1
1
1
1
1
1
7
7
6
6
5
4
2
2
1
1
1
1
1
1
10
8
5
2
1
1
1
1
23
10
8
6
4
3
3
1
1
1
1
16
13
11
10
6
1
1
16
8
6
6
5
4
3
3
2
2
1
1
1
1
1
13
7
1
1
1
1
1
12
5
4
1
1
1
1
1
1
1
1
1
1
2
1
1
1
8
5
4
3
2
2
1
1
1
4
2
1
1
1
5
5
5
4
4
4
2
2
1
4
4
4
2
2
1
1
1
1
2
1
1
1
1
1
6
6
3
1
1
1
1
1
1
10
5
5
3
3
1
1
6
2
1
1
1
1
1
1
1
7
1
1
1
1
1
4
2
1
1
1
1
1
1
4
1
1
1
1
1
1
1
1
8
4
2
1
1
1
2
2
1
3
2
1
3
3
1
3
3
1
1
2
1
1
7
2
2
1
2
1
2
1
1
2
2
1
3
8
1
1
1
1
1
1
1
2
1
3
1
1
2
1
1
1
1
1
1
1
1
1
1
1
2
1
3
3
2
1
1
1
1
1
1
3
2
1
1
1
2
4
1
1
1
1
2
1
1
4
1
1
1
1
2
1
1
1
1
1
5
1
4
1
1
1
1
1
1
1
1
1
1
1
1
1
1
1
1
1
1
1
4
2
1
2
1
1
1
1
1
1
1
1
1
1
2
2
2
1
2
1
1
1
1
2
1
1
2
1
4
1
1
2
1
1
1
1
1
2
1
1
1
1
1
1
2
1
1
1
1
1
1
1
1
1
1
1
1
1
1
1
1
1
1
1
1
1
1
1
1
1
1
1
1
1
1
1
2
1
2
1
1
1
1
1
1
1
1
1
1
1
1
1
1
1
1
1
1
1
1
2
1
1
1
1
1
1
1
1
1
1
1
1
1
1
1
1
1
1
1
1
1
