48
48
48
48
48
48
48
48
48
48
48
48
48
48
48
48
48
48
48
48
48
48
48
48
48
48
48
48
48
48
48
48
48
48
48
48
48
48
48
48
48
48
48
48
48
48
48
48
48
48
48
48
48
48
48
48
48
48
48
48
48
48
48
48
48
48
48
48
48
48
48
48
48
48
48
48
48
48
48
48
48
48
48
48
48
48
48
48
48
48
48
48
48
48
48
48
48
48
48
48
48
48
48
48
48
48
48
48
48
48
48
48
48
48
48
48
42
48
48
48
48
48
48
48
48
42
48
46
48
43
48
43
48
47
38
46
38
38
44
41
44
43
43
35
34
42
30
32
39
34
31
34
31
33
33
35
37
36
34
35
35
34
32
23
32
26
33
31
27
27
33
23
27
27
32
31
30
27
27
23
23
30
28
24
24
19
25
18
21
23
22
22
23
22
25
23
20
22
21
20
23
17
21
23
19
20
18
18
18
18
18
16
16
19
19
18
18
16
14
18
18
18
14
17
16
17
17
13
16
16
14
11
13
12
12
11
8
12
11
12
12
11
9
8
8
10
10
10
8
10
9
9
9
8
8
8
6
8
8
7
8
8
8
8
6
7
6
7
7
7
7
7
7
6
6
6
5
4
5
4
5
4
4
4
4
4
4
4
4
4
3
3
3
3
3
2
2
2
2
2
2
2
1
1
1
1
1
1
1
1
1
1
1
1
1
1
1
1
1
1
48
48
48
48
48
48
48
48
47
27
27
27
32
31
27
27
24
22
27
22
22
18
19
22
21
20
19
18
18
17
15
13
13
12
10
11
10
9
9
8
8
6
7
6
6
4
3
4
4
4
3
3
3
3
3
2
2
2
1
1
1
1
1
1
1
1
1
1
1
1
1
48
48
48
48
48
35
35
28
27
22
25
21
17
19
15
15
15
13
11
10
9
9
8
8
7
6
6
6
5
5
4
4
4
4
4
2
2
2
1
1
1
1
1
1
1
1
1
1
1
1
1
1
24
8
7
6
4
6
5
5
4
3
3
3
3
2
2
2
1
1
1
1
1
1
1
1
1
1
27
17
14
8
7
7
5
4
3
1
1
1
1
1
1
25
20
9
8
7
4
3
2
2
2
2
1
1
1
1
1
1
1
7
5
6
6
5
4
1
2
1
1
1
1
1
1
10
8
5
2
1
1
1
1
21
8
8
6
3
3
3
1
1
1
1
16
13
11
10
6
1
1
15
8
6
6
5
4
3
3
2
2
1
1
1
1
1
10
7
1
1
1
1
1
10
4
4
1
1
1
1
1
1
1
1
1
1
2
1
1
1
8
5
4
2
2
2
1
1
1
4
2
1
1
1
5
5
5
4
4
4
2
2
1
4
4
4
2
2
1
1
1
1
2
1
1
1
1
1
6
6
2
1
1
1
1
1
1
10
4
5
3
3
1
1
6
2
1
1
1
1
1
1
1
7
1
1
1
1
1
4
2
1
1
1
1
1
1
4
1
1
1
1
1
1
1
1
8
2
2
1
1
1
2
2
1
3
2
1
3
3
1
2
2
1
1
2
1
1
7
2
2
1
2
1
2
1
1
2
2
1
3
5
1
1
1
1
1
1
1
2
1
3
1
1
2
1
1
1
1
1
1
1
1
1
1
1
2
1
3
3
2
1
1
1
1
1
1
2
2
1
1
1
2
4
1
1
1
1
2
1
1
4
1
1
1
1
2
1
1
1
1
1
5
1
4
1
1
1
1
1
1
1
1
1
1
1
1
1
1
1
1
1
1
1
4
2
1
2
1
1
1
1
1
1
1
1
1
1
2
2
2
1
2
1
1
1
1
2
1
1
2
1
4
1
1
2
1
1
1
1
1
2
1
1
1
1
1
1
2
1
1
1
1
1
1
1
1
1
1
1
1
1
1
1
1
1
1
1
1
1
1
1
1
1
1
1
1
1
1
1
2
1
2
1
1
1
1
1
1
1
1
1
1
1
1
1
1
1
1
1
1
1
1
2
1
1
1
1
1
1
1
1
1
1
1
1
1
1
1
1
1
1
1
1
1
