0.13010390173695313
0.15093544137022397
0.1744379825187906
0.1861546638320489
0.21085218957559382
0.21726242371403662
0.23486801718845918
0.21919504643962848
0.2496303266568087
0.2784937888198758
0.25021893161372505
0.27829495345418914
0.271889400921659
0.27589334300743695
0.30574980574980576
0.23354310258715413
0.27327703054947344
0.29387496033005395
0.29825708061002176
0.30888491353607633
0.2877757901013715
0.2458442694663167
0.2983225806451613
0.2809542849526856
0.32290308561495
0.296218487394958
0.3215686274509804
0.29525708588520155
0.2736842105263158
0.33701738874152665
0.31992337164750956
0.28410553410553413
0.30223990568818154
0.30518018018018017
0.32063843236409606
0.34250614250614253
0.3060884070058382
0.3174066924066924
0.2859049207673061
0.3554649582605319
0.33081761006289306
0.34036594473487675
0.3108058608058608
0.3054945054945055
0.29297544260422614
0.3197437390797903
0.31663754610755196
0.34170962199312716
0.3518862090290662
0.32610982537344835
0.34820407229466943
0.3370660694288914
0.3463927376970855
0.3588014981273408
0.34456654456654456
0.366541822721598
0.35580524344569286
0.3607843137254902
0.3540355677154583
0.39288862768145755
0.3593887746106377
0.3324299909665763
0.3640275387263339
0.34865134865134867
0.40279130152547876
0.356976356976357
0.33253588516746413
0.3732933732933733
0.4220659015179563
0.3773069036226931
0.34280701754385967
0.36158578263841423
0.36105263157894735
0.3935135135135135
0.3526315789473684
0.36801184746390225
0.3735653461680859
0.32828828828828827
0.4313217326915957
0.3643243243243243
0.38306306306306304
0.3759512937595129
0.42132543502406516
0.36801184746390225
0.3931877082562014
0.3520918178452425
0.3783783783783784
0.4020733061828952
0.4105783866057839
0.3493150684931507
0.452660406885759
0.4360730593607306
0.3677621283255086
0.46987480438184664
0.41588419405320814
0.3751902587519026
0.3375190258751903
0.3622526636225266
0.37089201877934275
0.32543502406516106
0.3824200913242009
0.3513302034428795
0.393455098934551
0.4338810641627543
0.40062597809076683
0.4150314698259904
0.3613682092555332
0.4379756468797565
0.3858447488584475
0.386986301369863
0.41770623742454727
0.4155251141552511
0.3675799086757991
0.3701863354037267
0.40219092331768386
0.38917306052855927
0.3074446680080483
0.4072434607645875
0.3670020120724346
0.38448422847399827
0.35805626598465473
0.4052464947987336
0.38414918414918414
0.3713251922207146
0.40922619047619047
0.3375
0.46726190476190477
0.35586277521761395
0.39272913466461856
0.38223261250730567
0.46939890710382515
0.35885447106955
0.4519774011299435
0.4514124293785311
0.3297035692679976
0.43133696309739866
0.3276942355889724
0.3851851851851852
0.46901960784313723
0.39622641509433965
0.4056603773584906
0.4455732946298984
0.44304682040531096
0.32220609579100146
0.3309143686502177
0.49387755102040815
0.23554421768707484
0.3018707482993197
0.4532312925170068
0.3598519888991674
0.27012025901942643
0.33209990749306195
0.301010101010101
0.37103594080338265
0.3488372093023256
0.5203252032520326
0.4939091915836102
0.5378048780487805
0.4065040650406504
0.4792682926829268
0.48846153846153845
0.5209176788124157
0.3993993993993994
0.22901849217638692
0.4480796586059744
0.3380952380952381
0.44294294294294295
0.4144144144144144
0.31981981981981983
0.3349206349206349
0.573109243697479
0.2549019607843137
0.3048128342245989
0.3378151260504202
0.43529411764705883
0.5133689839572193
0.4
0.40672268907563025
0.38823529411764707
0.2709447415329768
0.2887700534759358
0.5262096774193549
0.3487903225806452
0.34475806451612906
0.3793103448275862
0.3247863247863248
0.41025641025641024
0.31384615384615383
0.4
0.5366666666666666
0.5579710144927537
0.39
0.5866666666666667
0.36
0.65
0.5166666666666667
0.32608695652173914
0.4166666666666667
0.40217391304347827
0.40942028985507245
0.4963768115942029
0.42391304347826086
0.33695652173913043
0.5019762845849802
0.5578947368421052
0.5473684210526316
0.5906432748538012
0.6535947712418301
0.47058823529411764
0.2982456140350877
0.6491228070175439
0.675
0.4444444444444444
0.4444444444444444
0.5847953216374269
0.45614035087719296
0.5672514619883041
0.3684210526315789
0.40350877192982454
0.6470588235294118
0.49122807017543857
0.543859649122807
0.3137254901960784
0.47953216374269003
0.4502923976608187
0.5808823529411765
0.5620915032679739
0.3660130718954248
0.4852941176470588
0.375
0.5714285714285714
0.2967032967032967
0.38461538461538464
0.4230769230769231
0.5151515151515151
0.34545454545454546
0.2727272727272727
0.7575757575757576
0.6060606060606061
0.5909090909090909
0.7575757575757576
0.6363636363636364
0.4444444444444444
0.4444444444444444
0.37777777777777777
0.26666666666666666
0.6444444444444445
0.6
0.28888888888888886
0.8222222222222222
0.75
0.7777777777777778
0.75
0.4722222222222222
0.5714285714285714
0.35714285714285715
0.32142857142857145
0.5357142857142857
0.6428571428571429
0.42857142857142855
0.7857142857142857
0.6428571428571429
0.5
0.75
0.38095238095238093
0.3333333333333333
0.47619047619047616
0.6190476190476191
0.9523809523809523
0.7619047619047619
0.7619047619047619
0.6190476190476191
0.47619047619047616
0.6
0.5333333333333333
0.6
0.4
0.3
0.7
0.3
0.6
0.0
0.8333333333333334
0.5
0.5
0.3333333333333333
0.6666666666666666
0.6666666666666666
0.8333333333333334
0.8333333333333334
0.3333333333333333
1.0
0.6666666666666666
0.3333333333333333
0.3333333333333333
0.3333333333333333
1.0
0.0
1.0
1.0
1.0
1.0
0.0
0.0
0.0
0.0
0.0
0.0
0.0
0.0
0.0
0.0
0.0
0.0
0.0
0.0
0.0
0.0
0.0
0.0
0.2913165266106443
0.2849485730841663
0.364968364968365
0.4284627092846271
0.4057657657657658
0.38882882882882885
0.36324324324324325
0.4080901177675371
0.3738762559492332
0.2804878048780488
0.2923076923076923
0.3285917496443812
0.4879089615931721
0.507563025210084
0.3092436974789916
0.33949579831932775
0.2821969696969697
0.25517241379310346
0.455026455026455
0.39666666666666667
0.4746376811594203
0.32608695652173914
0.3188405797101449
0.3442028985507246
0.41106719367588934
0.45263157894736844
0.49122807017543857
0.47058823529411764
0.3742690058479532
0.3684210526315789
0.6476190476190476
0.6282051282051282
0.5
0.5454545454545454
0.21212121212121213
0.45454545454545453
0.37777777777777777
0.5555555555555556
0.3611111111111111
0.7142857142857143
0.5
0.42857142857142855
0.2857142857142857
0.4666666666666667
0.4
0.2
0.5
0.16666666666666666
0.5
0.5
1.0
1.0
0.3333333333333333
0.0
1.0
1.0
1.0
1.0
0.0
0.0
0.0
0.0
0.0
0.0
0.0
0.0
0.0
0.0
0.0
0.0
0.0
0.30809551543389635
0.3632946001367054
0.39059607552758235
0.36690114772306553
0.3361717882265827
0.24605493863237873
0.45957918050941304
0.3399715504978663
0.3546218487394958
0.4
0.47
0.391304347826087
0.2727272727272727
0.44285714285714284
0.30718954248366015
0.37142857142857144
0.3619047619047619
0.27472527472527475
0.5454545454545454
0.5777777777777777
0.4722222222222222
0.2777777777777778
0.35714285714285715
0.42857142857142855
0.32142857142857145
0.2857142857142857
0.3333333333333333
0.4666666666666667
0.5
0.5
0.5
0.8333333333333334
0.5
1.0
0.8333333333333334
0.3333333333333333
1.0
1.0
0.0
0.0
0.0
0.0
0.0
0.0
0.0
0.0
0.0
0.0
0.0
0.0
0.0
0.0
0.5905797101449275
0.3611111111111111
0.5238095238095238
0.8666666666666667
0.06666666666666667
0.7333333333333333
0.8
0.3
0.3333333333333333
0.0
0.3333333333333333
0.3333333333333333
1.0
1.0
1.0
0.0
0.0
0.0
0.0
0.0
0.0
0.0
0.0
0.0
0.0
0.0
0.37701149425287356
0.24761904761904763
0.43956043956043955
0.39285714285714285
0.39285714285714285
0.42857142857142855
0.4
0.3333333333333333
1.0
0.0
0.0
0.0
0.0
0.0
0.0
0.4017094017094017
0.3241106719367589
0.3333333333333333
0.39285714285714285
0.2857142857142857
0.3333333333333333
0.3333333333333333
0.0
1.0
1.0
1.0
0.0
0.0
0.0
0.0
0.0
0.0
0.0
0.23809523809523808
0.3333333333333333
0.6
0.6
0.8
0.8333333333333334
0.0
1.0
0.0
0.0
0.0
0.0
0.0
0.0
0.37777777777777777
0.5714285714285714
0.5
0.0
0.0
0.0
0.0
0.0
0.3675889328063241
0.3111111111111111
0.35714285714285715
0.26666666666666666
0.16666666666666666
0.6666666666666666
0.3333333333333333
0.0
0.0
0.0
0.0
0.2833333333333333
0.3974358974358974
0.2545454545454545
0.26666666666666666
0.4666666666666667
0.0
0.0
0.43333333333333335
0.2857142857142857
0.4
0.3333333333333333
0.5
0.5
0.3333333333333333
0.0
0.0
1.0
0.0
0.0
0.0
0.0
0.0
0.28205128205128205
0.7142857142857143
0.0
0.0
0.0
0.0
0.0
0.30303030303030304
0.5
0.5
0.0
0.0
0.0
0.0
0.0
0.0
0.0
0.0
0.0
0.0
0.0
0.0
0.0
0.0
0.35714285714285715
0.2
0.3333333333333333
0.0
0.0
0.0
0.0
0.0
0.0
0.3333333333333333
0.0
0.0
0.0
0.0
0.3
0.5
0.2
0.16666666666666666
0.16666666666666666
0.5
0.0
0.0
0.0
0.3333333333333333
0.16666666666666666
0.6666666666666666
1.0
0.0
0.0
0.0
0.0
0.0
0.0
0.0
0.0
0.0
0.0
0.0
0.06666666666666667
0.4666666666666667
0.3333333333333333
0.0
0.0
0.0
0.0
0.0
0.0
0.28888888888888886
0.1
0.4
0.3333333333333333
0.3333333333333333
0.0
0.0
0.3333333333333333
0.0
0.0
0.0
0.0
0.0
0.0
0.0
0.0
0.3333333333333333
0.0
0.0
0.0
0.0
0.0
0.5
1.0
0.0
0.0
0.0
0.0
0.0
0.0
0.3333333333333333
0.0
0.0
0.0
0.0
0.0
0.0
0.0
0.0
0.39285714285714285
0.16666666666666666
0.0
0.0
0.0
0.0
0.0
0.0
0.0
0.6666666666666666
0.0
0.0
0.0
0.3333333333333333
0.0
0.3333333333333333
0.0
0.0
0.0
0.0
0.0
0.0
0.09523809523809523
0.0
0.0
0.0
1.0
0.0
0.0
0.0
0.0
1.0
0.0
0.0
0.0
0.03571428571428571
0.0
0.0
0.0
0.0
0.0
0.0
0.0
0.0
0.0
0.0
0.0
0.0
0.0
0.0
0.0
0.0
0.0
0.0
0.0
0.0
0.0
0.0
0.0
0.0
0.0
0.0
0.0
0.6666666666666666
0.0
0.0
0.0
0.0
0.0
0.0
0.0
0.0
0.0
0.0
0.0
0.0
0.0
0.0
0.0
0.0
0.0
0.0
0.0
0.0
0.0
0.0
0.0
0.0
0.0
0.0
0.0
0.0
0.0
0.0
0.0
0.0
0.2
0.0
0.16666666666666666
0.0
0.0
0.0
0.0
0.0
0.0
0.0
0.0
0.0
0.0
0.0
0.0
0.0
0.0
0.0
0.0
0.0
0.0
0.0
0.3333333333333333
0.0
0.0
0.0
0.0
0.0
0.0
0.0
0.0
0.0
0.0
0.0
0.0
0.0
0.0
0.0
0.0
0.0
0.0
0.0
0.0
0.0
0.0
0.0
0.0
0.0
0.0
0.0
0.5
0.0
0.0
0.0
0.0
0.0
0.0
0.0
0.0
0.0
0.0
0.0
0.0
0.0
0.0
0.0
0.0
0.0
0.0
0.0
0.0
0.0
0.0
0.0
0.0
0.0
0.0
0.0
0.0
0.0
0.0
0.0
0.0
0.0
0.0
0.0
0.0
0.0
0.0
0.0
0.0
0.0
0.0
0.0
0.0
0.0
0.0
0.0
0.0
0.0
0.0
0.0
0.0
0.0
0.0
0.0
0.0
0.0
0.0
0.0
0.0
0.0
0.0
0.0
0.0
0.0
0.0
0.0
0.0
0.0
0.0
0.0
0.0
0.0
0.0
0.0
0.0
0.0
0.0
0.0
0.0
0.0
0.0
0.0
0.0
0.0
0.0
0.0
0.0
0.0
0.0
0.0
0.0
