0.016637513315654155
0.01345566885431704
0.011986590080017618
0.010562296269610532
0.008521675453140172
0.008624531916231689
0.00843139127482865
0.007634742555735792
0.0075291907549363424
0.006658578507831318
0.007335114281588283
0.006794964818831235
0.007023342739886736
0.006455791996582149
0.006193020341208186
0.006403616111973424
0.005864040734954122
0.005825618331540706
0.005921669094713986
0.005315047971542635
0.006019090968497886
0.006002668770130926
0.00506609422455295
0.00536103903522419
0.005269475921394676
0.005226511888212651
0.005213343002351002
0.005453236967940906
0.004782975694425606
0.005231081773807905
0.0047638235342347185
0.0050633148601381284
0.004958281394458993
0.004679918976352216
0.004692460341295034
0.0047171869769263575
0.004582032423191962
0.0047554946022757396
0.004739109730255709
0.004313236557989756
0.004552963721363874
0.004466536897941256
0.004244778801197945
0.00453631021156701
0.004684922091777315
0.00432611952105824
0.004286970738467881
0.004037370659398367
0.004417099098885097
0.004356898500184036
0.004241019201547312
0.004116067566926448
0.003987162318232319
0.003576563561124482
0.0038601794286311016
0.0036391040019453833
0.0038570877690815423
0.003616188510300101
0.0034573602230937315
0.003429447514191908
0.003707184919775172
0.0037109015174676893
0.0035692308421413944
0.003494430576443058
0.0033221343429225584
0.0035061690742788426
0.003256543714254308
0.003181653431640018
0.0033170440783448617
0.003035710006001882
0.003540926608404809
0.0033905695310725813
0.003099186487086853
0.002979081375810239
0.003146728627656918
0.003158210515439623
0.0029847353646570607
0.0030015610230669496
0.003094348679748535
0.0032237867130420123
0.0031394218783465933
0.0033678809066883023
0.0032527412496959483
0.0031135269458204304
0.0029745263389792664
0.0030797878232799772
0.0029166836134291
0.0033564553066677623
0.003126069818038206
0.0031983676114600676
0.002829599698282096
0.00297784480539923
0.002993174504237938
0.0028025646686005014
0.0030169564407460346
0.003300851871320556
0.0029795757773865813
0.0030700818179034
0.0028989603877746764
0.003429043422778523
0.0030297342933781205
0.0029184160979201152
0.003035885589902352
0.003131346139381273
0.00299617891343755
0.0030399977615225907
0.0031676140366773196
0.002931801447446992
0.0029759602686437133
0.0029794828267586094
0.0028523252540921893
0.0029351216949282297
0.003313995938186808
0.003193889329548835
0.0029238440207850834
0.002820658557536947
0.0029437577450124636
0.003007788033938461
0.002995181590141011
0.002906137898027746
0.002954361822433531
0.0029345237374918194
0.0029814850292249916
0.0027190731486768
0.0026350491586088725
0.0028603234990287863
0.002545406205593804
0.00262195836543932
0.0026631670282487386
0.002717374834187649
0.002488425492452996
0.0025120450457844883
0.0026849842272249477
0.0024407228023849573
0.002372979075778709
0.002495712608931294
0.0024374054741243215
0.002229443810009717
0.0020794964073155603
0.0024685670822425514
0.00228732039740277
0.0024031107203331013
0.002383376967370102
0.0022432453910934853
0.002279922486372679
0.00222374372377559
0.0020971082022781173
0.0023644607993869994
0.002141672668197951
0.002136921037793002
0.0020704279990067655
0.0022084218258050657
0.0020539469427907986
0.0021191812720954134
0.0019783774826014878
0.001871043737854235
0.0019032571980610914
0.0017080342998334894
0.0017997964169487902
0.0017736782730074477
0.001803818997849143
0.0016294208840789462
0.0017546133280997877
0.0018736159388697132
0.001600889305239659
0.00155576161594906
0.0015664109645760161
0.001843333785550125
0.0016937111693177199
0.0018053363054130525
0.0014985836466177597
0.001527492886898479
0.0014919835196562845
0.0016607916715211943
0.0014716591098330163
0.0014442784525695803
0.001633440571540958
0.0015270019616242156
0.0016944684603090387
0.0015684411413381017
0.0015529407127101577
0.0013514951085519414
0.0013859514612341365
0.0017115179425697985
0.0013038275887015697
0.0012927767400630677
0.0012575468973052332
0.0012473134110313954
0.0013100874546835917
0.0011209223027396137
0.0010955158901971398
0.0012711945097921779
0.0012542813133231904
0.0011666795423303485
0.0010916989503879338
0.001136582470356977
0.0011109660809207882
0.0010927056530957214
0.0010951583237838215
0.0010740118616566615
0.001077899496503887
0.0011394752327631168
0.0012412019159421758
0.0010370240615057474
0.0009463904117677231
0.0009366713423374726
0.0009090268099222587
0.0008453423397885015
0.0008685770958993403
0.000897496993146644
0.0010224183945484072
0.0007668034742375093
0.0009932053691167684
0.0008696585894633971
0.0008717945793824126
0.0008945155877049906
0.0009479528130504724
0.0009038878415513309
0.0010361439610209863
0.0008241277226742218
0.0009152769308454754
0.0009055989988754006
0.0009661602480241332
0.0010348868822896362
0.00091667002381564
0.0008187246259132405
0.0008966411501282393
0.00099689520766387
0.0008203067112711357
0.0008362761094048546
0.0006847782398539851
0.0007641707320963867
0.0007058742959288647
0.0008081798804926272
0.0006145782095695731
0.0006106917097233684
0.0007111986218841806
0.0006345113530703954
0.0006338734067520505
0.0006288020455451153
0.000620123343462112
0.000573205912291899
0.0006909798776918966
0.0006182645581387904
0.0006144062534290469
0.0005691803758805682
0.0005537286443891758
0.0005439013667839593
0.0006515815232821255
0.0005530324248772005
0.0005309225128678351
0.0005137229139115349
0.0005045485805296136
0.0005443006867259639
0.00048593994817544106
0.00046649494252630394
0.0005228344321151779
0.00047902782345092245
0.00047276593703411967
0.0006409727578647426
0.00048782455278905475
0.0004883216542182461
0.00046761692236695486
0.00047231218014196066
0.0004659083442970902
0.000462796201714199
0.0004769029881037525
0.00044215277723828346
0.0004397827387572885
0.00043331532046946133
0.0004439499121128495
0.00043763087871670877
0.0004564664953768302
0.00039858507795283805
0.0004026913131524726
0.0004258501637471431
0.000471330284481716
0.00046793154119477323
0.00036133950558855623
0.0005451782047748274
0.0003590073777331368
0.0005416878072804771
0.00032395159451256727
0.00033918307322771047
0.00036121361197089
0.0003484125703422569
0.0003380796737064482
0.0003234332174595966
0.0003191213330661215
0.00032231501211017565
0.0002862843278654174
0.0002879886326867693
0.0002807358913592793
0.00034256248925405446
0.0003454923831736059
0.00037917576172063865
0.000256970463314489
0.0003165643544351881
0.0002469052818403594
0.00024840994866578216
0.0002452442074504799
0.0002494897906182869
0.00020989485888832062
0.0005489491710567791
0.00020989485888832062
0.00020989485888832062
0.00020989485888832062
0.00020989485888832062
0.00020989485888832062
0.00020989485888832062
0.00020989485888832062
0.00020989485888832062
0.00020989485888832062
0.00020989485888832062
0.00020989485888832062
0.00020989485888832062
0.00020989485888832062
0.00020989485888832062
0.00020989485888832062
0.00020989485888832062
0.005025724505767466
0.005113145302710081
0.0032172723123529367
0.0029214960255281378
0.0032009976824444266
0.0031536398516231424
0.0029993816796161114
0.002672495262194903
0.002944997919715075
0.0019741695874733686
0.0017782772857016706
0.0018179060186958574
0.0016812944082789897
0.0014775093113164734
0.0016245101115347103
0.0016300488865390868
0.0014594016930473243
0.0014531077589623217
0.001204367756180569
0.0012670388493090032
0.001216571614278604
0.0012773052995471693
0.001233176963984232
0.0010806831061943279
0.0010446711971915253
0.0008934533597245542
0.0008813298111548047
0.000827214646027261
0.0008911846425098713
0.000909571419693233
0.0007273862620881387
0.0006582856972387728
0.0006590624844717292
0.0006165297107065334
0.0007066133684638165
0.0006492590705114464
0.0005557022855818216
0.0005035107498335095
0.0005136946298221665
0.00047051976943850827
0.00046891632791115585
0.0004974749800233247
0.0004638716892747893
0.000388974790651837
0.000434243091898711
0.0004480961289742291
0.00037746983216614574
0.0003452566745429938
0.0003197385184513117
0.00031839367417592384
0.00027956646949430365
0.0002856579601471633
0.00034410484106260674
0.00028296331761324496
0.00028653693721973465
0.0002455429098445953
0.0002491526093063449
0.0002445185744555876
0.0002070024611040339
0.0002070024611040339
0.0002070024611040339
0.0002070024611040339
0.0002070024611040339
0.0002070024611040339
0.0002070024611040339
0.0002070024611040339
0.0002070024611040339
0.0002070024611040339
0.0002070024611040339
0.0002070024611040339
0.0002070024611040339
0.004370645276836323
0.003273646533125956
0.0031251988319902
0.0034669623504541757
0.003024606475629305
0.002719387537935535
0.0019251879719051528
0.0018207494437946774
0.0015934055291315925
0.0011802731905836263
0.0010814839484973543
0.0011385722845119156
0.001050617867741687
0.0010894303431522056
0.0008980253851958131
0.0007392192479124077
0.0007382001008336705
0.0008418490623144126
0.0005767520945578325
0.0005534969920043555
0.000513559615238864
0.0005172891755896895
0.0004649493526707455
0.0004711959685514659
0.0005489482895595341
0.0005334506623877676
0.0004753649730363381
0.0003874611684837688
0.0003650639050999381
0.0003575534261905768
0.0003177913797660716
0.0003208966275717404
0.00034596801110557625
0.00031567088791465423
0.0003142378789624711
0.0003764806215834187
0.0002478157442366991
0.00024690447029688964
0.00020749130209902147
0.00020749130209902147
0.00020749130209902147
0.00020749130209902147
0.00020749130209902147
0.00020749130209902147
0.00020749130209902147
0.00020749130209902147
0.00020749130209902147
0.00020749130209902147
0.00020749130209902147
0.00020749130209902147
0.00020749130209902147
0.00020749130209902147
0.001052164198717743
0.0006765628907975184
0.000434265957049518
0.0003914418730538814
0.0005141926834668375
0.0003937794641482186
0.00036116867044027126
0.0003622084741648244
0.0003829415600327122
0.00033834152106089385
0.00028509777617445684
0.00028270987779498944
0.00027826899639940187
0.0002456635239768563
0.00024606268644421507
0.0003987873590904098
0.00020771306210959578
0.00020771306210959578
0.00020771306210959578
0.00020771306210959578
0.00020771306210959578
0.00020771306210959578
0.00020771306210959578
0.00020771306210959578
0.00020771306210959578
0.00020771306210959578
0.0013013397475617114
0.0011433491112852522
0.0006987323635239694
0.0004590696976691462
0.0006239454913687267
0.0004350517892114135
0.000357303248909343
0.0003336855610308514
0.00027757960221862335
0.0005395405556741864
0.000203887907605326
0.000203887907605326
0.000203887907605326
0.000203887907605326
0.000203887907605326
0.0011501517422503058
0.0011773295930864848
0.0005016285379217513
0.0004779488332760584
0.0004545954384715446
0.0003215907357172842
0.0002855525391477422
0.0002459039612721794
0.00024035510411892001
0.00024292654397241353
0.00024202390913935376
0.000204976082105153
0.000204976082105153
0.000204976082105153
0.000204976082105153
0.000204976082105153
0.000204976082105153
0.000204976082105153
0.0004270884842971093
0.0006280052494275354
0.0003892652190310643
0.0003859315969251682
0.00035497303549956755
0.0003167114197447148
0.0005415294275081274
0.00024198616764546497
0.0002051578456372511
0.0002051578456372511
0.0002051578456372511
0.0002051578456372511
0.0002051578456372511
0.0002051578456372511
0.0005342435295012707
0.0004646490955223771
0.0003505112811326377
0.00024198002442103682
0.00020351337577454532
0.00020351337577454532
0.00020351337577454532
0.00020351337577454532
0.0010627238229849636
0.0005763230616338647
0.0004686271718675616
0.00041577679782232624
0.0004699162891252471
0.00027908393443461867
0.00030180389772817
0.0002025560330002248
0.0002025560330002248
0.0002025560330002248
0.0002025560330002248
0.0007535863477949768
0.0006554245400961449
0.0005872544520034494
0.0005505328548298197
0.00041128721307507547
0.0002007168863174649
0.0002007168863174649
0.0007907586487573308
0.0004574689655790823
0.00038614681918355847
0.00041075765159056773
0.00035274546497839656
0.0003510567694706062
0.0002787904262630033
0.0003414609306887788
0.0002422196648286056
0.0002425651838508506
0.00020477577007415042
0.00020477577007415042
0.00020477577007415042
0.00020477577007415042
0.00020477577007415042
0.0007484953956065405
0.0004233352133100745
0.00020235092313503072
0.00020235092313503072
0.00020235092313503072
0.00020235092313503072
0.00020235092313503072
0.000665161320451401
0.0003897148673670749
0.00031528105640083327
0.00020407800368474634
0.00020407800368474634
0.00020407800368474634
0.00020407800368474634
0.00020407800368474634
0.00020407800368474634
0.00020239123591549868
0.00020239123591549868
0.00020239123591549868
0.00020239123591549868
0.00035236811903067836
0.0002021189190775413
0.0002021189190775413
0.0002021189190775413
0.00046413785431312696
0.0004062223636264467
0.00031398877376121793
0.000501827138836763
0.00024269118102004662
0.00026222016672432447
0.0002038944083225344
0.0002038944083225344
0.0002038944083225344
0.00031143596159708314
0.00025036219957746974
0.00020142214026194074
0.00020142214026194074
0.00020142214026194074
0.00036201322333165943
0.000348332108926907
0.00035549546772507503
0.0003243382438263466
0.00031706346350968536
0.0003085129911207911
0.00023941047209865332
0.0002437867227056527
0.00020144533027402172
0.0003165585612034781
0.00031657895788430554
0.0003145955875844817
0.00023899537882464633
0.00035182442934019137
0.00020257333685932353
0.00020257333685932353
0.00020031513934440945
0.00020031513934440945
0.00024732693436972463
0.0002049185040046438
0.0002049185040046438
0.0002049185040046438
0.0002049185040046438
0.0002049185040046438
0.0004307800475505496
0.0003912067535801639
0.0005064377035620004
0.00020573824476712761
0.00020573824476712761
0.00020573824476712761
0.00020573824476712761
0.00020573824476712761
0.00020573824476712761
0.0005352591916249042
0.0006147383339487307
0.00034824406664762155
0.00033825774394466874
0.00027591189257414306
0.00020261074094148556
0.00020261074094148556
0.00039014269662258986
0.00035491694683445377
0.0002035209929839107
0.0002035209929839107
0.0002035209929839107
0.0002035209929839107
0.00020258403292269008
0.00020258403292269008
0.00020258403292269008
0.00041972847364544623
0.00020249074809352484
0.00020249074809352484
0.00020249074809352484
0.00020116178224671613
0.00020116178224671613
0.0003565548441743286
0.00024135249858620343
0.00020451459199287281
0.00020451459199287281
0.00020451459199287281
0.00020451459199287281
0.00020451459199287281
0.00020091532353347423
0.00033664669622150977
0.0002035664851132196
0.0002035664851132196
0.0002035664851132196
0.0002035664851132196
0.00020239488371656924
0.00020239488371656924
0.00020239488371656924
0.0002001718814731458
0.00047296162835525676
0.00081654890899964
0.0002415975255055445
0.0002039896454407904
0.0002039896454407904
0.0002039896454407904
0.00035100524958994663
0.00024073322763432998
0.00020158460363080022
0.0002722114782315239
0.0002564645537654135
0.00020108014041074138
0.00033632598755659434
0.0002814037831497104
0.0002008601677120523
0.0003679188901192389
0.0006742859933608585
0.00020168534006199007
0.0002009695100507486
0.00035117906850883827
0.00020165370976518818
0.00020165370976518818
0.0004641415460506353
0.00023790803837873555
0.00023860533866673967
0.00020218329670141687
0.00023587584129564315
0.0002015065395034225
0.0002395008783946657
0.00020207252372819316
0.00020207252372819316
0.00024014858905246626
0.00030631217666433463
0.00020206826474810323
0.00028640159280095355
0.0005874817004551215
0.00020228540716059497
0.00020228540716059497
0.00020228540716059497
0.0002042248869900168
0.0002042248869900168
0.0002042248869900168
0.0002042248869900168
0.00023904225721232915
0.00020161390254585664
0.00029706736880768197
0.0002019849558726076
0.0002012876555846035
0.00030585701982884563
0.0002034874894615094
0.0002034874894615094
0.0002034874894615094
0.0002034874894615094
0.00020335232768398497
0.00020335232768398497
0.00020335232768398497
0.00020391253824190409
0.00020391253824190409
0.00020391253824190409
0.00020239087203748667
0.00035157803936359535
0.0002024008205006154
0.0003189414921011378
0.00027211850181411106
0.00035205675421612695
0.00020161953018082583
0.0002019909557085692
0.0002019909557085692
0.00020172479273877777
0.00020172479273877777
0.00020068375923155553
0.00037028862559788695
0.00023929152976599497
0.0002035280557319164
0.0002040295625537763
0.0002040295625537763
0.00024007776264501393
0.0003205688158270923
0.00020364323821164782
0.00020364323821164782
0.0002013074010804029
0.0002006229334066908
0.0003535275821375716
0.00020377114993856604
0.00020377114993856604
0.00031745321494797797
0.00020151175848241658
0.00020170056618442668
0.00020366408380817304
0.00020366408380817304
0.00027800928745318643
0.00020516537523609888
0.00020516537523609888
0.00020299126857375733
0.00020022485925748777
0.0002007565691034793
0.0003488745562564399
0.00020184088257731167
0.0003161587337792513
0.00020183965204951667
0.00020110610215719424
0.00020209915180373697
0.00020114300610655646
0.00020130414665332164
0.0002047779732962408
0.0002047779732962408
0.0002047779732962408
0.000201460471748552
0.00020292548083039396
0.00020292548083039396
0.00020132638794136338
0.00020093884732394618
0.00020411679328086123
0.00020411679328086123
0.00020411679328086123
0.00020196233210791477
0.00020280416891812092
0.00020280416891812092
0.000310147314395188
0.00024048841148537216
0.00020117975070340805
0.00024056229253272698
0.00020399747789686605
0.00020399747789686605
0.00020131042197686435
0.00020495056455014092
0.00020495056455014092
0.00020495056455014092
0.00020084062699657226
0.0002025301873659737
0.0002025301873659737
0.00020093446532665942
0.00024079048216285264
0.00024330824775824444
0.00024910928776140326
0.00020348504352617528
0.00035622580671395307
0.00020538611813935396
0.00020538611813935396
0.00020415052688358337
0.00020415052688358337
0.00035396995077479444
0.00020434584648366225
0.00020434584648366225
0.0003075136705507227
0.00020157164642018048
0.0003179928434140056
0.0002014207092189653
0.0002013631636299081
0.00023974559262188847
0.00020195722467336737
0.0002027919484846181
0.0002027919484846181
0.00020396080320830742
0.00020396080320830742
0.00023935641884644427
0.00020296712579710957
0.00020162037911693534
0.00020149450773664958
0.0002059378764297337
0.0002059378764297337
0.0002059378764297337
0.000304568740395241
0.00020471153791081455
0.00020175338280533798
0.0002036001857767943
0.0002036001857767943
0.0002021379907529293
0.00020474051681446473
0.00020515313344921464
0.00020515313344921464
0.00020224634499915785
0.0002041033626478462
0.0002030790272588385
0.00020336655326399708
0.0002065790534490203
0.0002065790534490203
0.00020271437284300793
0.0002042093382834307
0.00020550245829301924
0.0002036189527268487
0.00020650162692992848
0.00020650162692992848
0.00020378155462376723
0.0002034292748041426
0.00020318544939830764
0.00020649079307431118
0.00020389405475784107
0.00020587160272883908
0.00020629019900673606
0.00020622658870615812
0.00020747274280041807
0.0002079097757805262
0.0002079097757805262
0.00024368351256559383
0.00020818890908261346
0.00028380824578396613
0.0002058964005261556
0.000205232186278687
0.00020501528984557662
0.000206714290143982
0.0002051498337052445
0.00021102509407700155
0.00021102509407700155
0.0002083927034055714
0.00020878354193938956
0.0002082084656784527
0.00020864222088421206
0.00020864980429456648
0.00021080081526195454
0.00020923791096047633
0.00020952212489974464
0.00020907293164635612
0.00021184131984070784
0.00020965890084884763
0.00021130269828350745
0.00021246426013024695
0.00028809305572834415
0.00021186047302676543
0.00021667515030010642
0.0002184054315935803
0.00022429619048990965
0.00022946048043723187
0.0002336662570572964
0.00023185712834932468
0.00024182070364743444
0.0002700685603155067
0.0002582432737440234
0.00025764983943276395
0.0003391072202776216
0.0003391072202776216
0.00030774764245999084
0.00030905392369417377
0.00035663721088809885
0.0003957284222144046
0.0003948833502684634
0.00039887889657389854
0.0011037527593818985
0.0011037527593818985
