127
255
60
44
50
41
199
246
131
131
141
142
155
178
180
122
104
161
155
96
123
65
105
110
93
103
31
32
22
100
45
5
62
42
86
30
84
89
61
32
52
220
135
161
102
185
20
42
23
5
10
7
10
29
7
47
156
70
113
85
8
1
6
77
99
59
92
114
118
114
65
62
19
12
4
127
41
56
76
93
76
108
81
122
72
39
18
132
70
71
55
74
12
26
7
72
43
41
73
59
100
10
8
41
99
32
26
9
2
8
23
48
8
6
18
118
3
24
19
19
19
19
18
19
19
19
19
19
19
18
164
103
53
131
113
62
54
122
114
38
48
67
60
118
118
54
79
104
117
40
74
70
54
55
70
63
49
49
24
88
121
75
71
38
5
8
10
1
37
12
7
5
63
84
60
35
35
25
23
25
36
38
37
35
24
35
35
25
35
24
25
34
25
25
34
35
24
25
34
24
35
34
34
26
37
2
32
18
27
13
10
13
37
103
93
40
121
57
8
20
4
17
20
25
25
25
25
24
24
34
24
24
24
113
67
40
96
92
67
37
7
6
9
6
10
5
16
8
7
4
3
19
11
38
28
38
69
28
59
24
34
1
1
13
76
73
73
74
73
6
76
74
65
12
72
77
74
75
74
73
76
75
74
74
74
74
74
74
74
74
77
75
74
76
74
77
73
5
19
8
5
4
7
19
7
14
12
11
7
6
6
7
6
7
8
7
7
21
7
4
8
24
6
207
7
7
8
4
8
7
9
10
7
7
3
7
15
19
5
2
5
15
12
5
8
5
2
74
77
4
5
5
5
2
5
20
4
5
1
5
5
6
6
19
6
6
1
1
1
6
4
6
12
13
6
1
6
3
6
6
2
11
10
9
9
10
10
9
1
9
9
9
17
10
10
8
15
4
10
12
10
2
2
19
4
19
8
3
5
3
3
3
12
8
2
8
4
14
8
8
1
3
17
8
8
14
8
4
9
8
4
17
5
8
3
1
1
1
1
1
1
1
1
1
1
1
1
1
1
1
1
1
1
1
1
1
1
1
1
1
1
1
1
74
1
1
1
1
1
1
1
1
1
1
1
1
1
1
1
1
1
1
1
1
1
1
2
1
1
1
1
1
1
1
1
1
1
1
1
1
1
1
1
1
1
1
1
1
1
1
1
1
1
1
1
1
3
1
1
1
1
1
1
1
1
1
1
1
1
1
1
1
1
1
1
1
1
1
1
1
1
1
1
1
1
1
1
1
1
1
1
1
1
1
1
1
1
1
1
1
1
1
1
1
1
1
1
1
1
1
1
1
1
1
1
1
1
1
1
1
1
1
1
1
2
1
1
1
1
1
1
1
1
1
1
1
1
1
1
1
74
1
1
1
1
1
1
1
1
1
1
1
1
1
1
1
1
1
1
1
1
1
1
1
1
1
3
1
2
1
1
1
1
1
1
1
1
1
1
2
1
1
1
1
1
1
1
1
1
1
2
1
1
1
1
1
4
1
1
1
1
1
1
1
1
1
14
1
1
1
1
1
1
1
1
1
1
1
1
1
1
1
1
1
1
1
1
1
1
1
1
1
1
1
1
1
1
1
1
1
1
1
1
1
1
1
1
1
1
1
2
4
4
4
4
18
2
4
4
4
2
4
4
4
2
14
4
3
2
3
1
3
3
3
3
3
3
3
3
2
3
4
4
4
4
4
2
5
5
4
4
4
4
2
1
4
4
3
2
2
2
2
2
2
2
2
1
2
2
2
1
2
1
2
2
2
2
77
2
1
1
1
1
2
1
1
1
1
1
1
1
1
1
1
1
1
1
2
1
1
2
2
2
2
2
2
2
2
2
2
2
3
3
3
3
3
3
3
2
2
2
2
2
2
2
2
2
1
2
2
2
2
2
2
27
76
74
13
12
19
1
12
1
19
1
1
3
3
1
1
1
1
1
1
1
1
1
1
1
2
4
74
74
75
1
1
1
1
1
1
1
1
1
1
1
1
1
1
1
1
1
1
1
1
1
1
1
75
75
1
1
1
1
1
73
75
74
74
75
73
74
2
2
