50
50
50
41
45
35
67
67
50
50
50
50
67
67
67
50
50
50
50
50
50
46
50
50
50
50
28
28
20
50
37
4
46
35
50
28
50
50
46
28
37
67
50
67
50
67
8
8
8
4
7
5
7
8
5
42
67
50
50
50
6
1
6
50
50
47
50
50
67
65
50
50
16
7
4
50
39
43
47
50
50
50
50
50
49
19
15
67
50
50
46
50
7
17
7
50
39
37
50
47
50
7
6
19
67
25
22
7
2
8
17
29
6
6
11
67
2
16
16
16
16
16
16
16
16
16
16
16
16
16
67
67
49
67
67
50
49
67
67
36
42
50
50
67
67
46
50
50
50
39
50
50
46
46
48
50
36
43
20
50
50
47
50
36
5
6
8
1
34
8
5
4
47
58
50
23
23
23
23
23
32
35
23
23
23
23
23
23
23
23
23
23
23
23
23
23
23
23
23
23
23
23
23
23
19
2
17
10
16
10
8
8
36
50
67
33
67
46
7
14
4
13
13
23
23
23
23
23
23
23
23
23
23
50
46
39
50
50
49
8
6
6
8
6
8
4
7
7
5
4
3
8
8
36
27
36
50
24
46
24
32
1
1
13
67
67
67
67
67
5
67
67
50
10
67
67
67
67
67
67
67
67
67
67
67
67
67
67
67
67
67
67
67
67
67
67
67
4
16
7
5
4
7
10
6
9
7
7
6
6
5
7
6
7
7
7
6
15
6
4
7
12
4
50
7
7
8
4
7
6
7
6
6
7
3
6
8
16
4
2
4
9
8
5
5
3
2
67
67
4
4
5
5
2
4
8
4
4
1
5
5
4
6
16
6
3
1
1
1
5
4
6
10
9
4
1
6
3
5
5
2
7
8
8
8
8
10
8
1
7
6
9
14
9
7
7
8
4
9
8
8
2
2
12
2
16
8
3
3
3
3
3
8
7
2
7
4
7
8
5
1
3
12
8
8
10
7
3
6
5
4
8
5
6
3
1
1
1
1
1
1
1
1
1
1
1
1
1
1
1
1
1
1
1
1
1
1
1
1
1
1
1
1
67
1
1
1
1
1
1
1
1
1
1
1
1
1
1
1
1
1
1
1
1
1
1
1
1
1
1
1
1
1
1
1
1
1
1
1
1
1
1
1
1
1
1
1
1
1
1
1
1
1
1
1
1
2
1
1
1
1
1
1
1
1
1
1
1
1
1
1
1
1
1
1
1
1
1
1
1
1
1
1
1
1
1
1
1
1
1
1
1
1
1
1
1
1
1
1
1
1
1
1
1
1
1
1
1
1
1
1
1
1
1
1
1
1
1
1
1
1
1
1
1
1
1
1
1
1
1
1
1
1
1
1
1
1
1
1
1
67
1
1
1
1
1
1
1
1
1
1
1
1
1
1
1
1
1
1
1
1
1
1
1
1
1
2
1
1
1
1
1
1
1
1
1
1
1
1
1
1
1
1
1
1
1
1
1
1
1
1
1
1
1
1
1
3
1
1
1
1
1
1
1
1
1
13
1
1
1
1
1
1
1
1
1
1
1
1
1
1
1
1
1
1
1
1
1
1
1
1
1
1
1
1
1
1
1
1
1
1
1
1
1
1
1
1
1
1
1
2
2
4
4
4
16
2
4
4
3
2
4
4
3
2
12
4
2
2
2
1
3
3
3
3
3
3
3
2
2
3
4
4
4
4
4
2
5
4
4
4
4
2
2
1
4
4
3
2
2
2
1
1
2
2
1
1
2
2
1
1
1
1
2
2
2
2
67
2
1
1
1
1
1
1
1
1
1
1
1
1
1
1
1
1
1
1
1
1
1
2
2
2
2
2
2
2
2
2
2
2
3
3
3
3
3
3
2
2
2
2
2
2
2
2
2
1
1
2
2
2
2
1
2
27
67
67
11
11
16
1
11
1
16
1
1
3
3
1
1
1
1
1
1
1
1
1
1
1
2
4
67
67
67
1
1
1
1
1
1
1
1
1
1
1
1
1
1
1
1
1
1
1
1
1
1
1
67
67
1
1
1
1
1
67
67
67
67
67
67
67
2
2
