0.215098112735908
0.17325922494982246
0.7338983050847457
0.7938689217758985
0.7983673469387755
0.7987804878048781
0.33328257448860465
0.256080968972955
0.5064004697592484
0.48937169700528477
0.4755825734549139
0.4690840075916492
0.4269794721407625
0.40950929981590806
0.39906890130353817
0.4385584609131554
0.5001867064973861
0.3769409937888199
0.36849602010892335
0.43793859649122807
0.4336931893909103
0.5
0.5014652014652015
0.5733110925771476
0.646096306685367
0.6055587283457072
0.7720430107526882
0.7479838709677419
0.658008658008658
0.618989898989899
0.6494949494949495
0.5
0.5980962453728186
0.7653890824622532
0.4771545827633379
0.6413793103448275
0.5040160642570282
0.6710929519918284
0.6158469945355192
0.7580645161290323
0.6040723981900452
0.30510585305105853
0.49132117191818686
0.43649068322981366
0.5777518928363424
0.39406580493537013
0.2631578947368421
0.13008130081300814
0.2015810276679842
0.5
0.28888888888888886
0.09523809523809523
0.2222222222222222
0.15024630541871922
0.19047619047619047
0.7872340425531915
0.4371381306865178
0.6049689440993788
0.5015802781289507
0.6137254901960785
0.03571428571428571
0.0
0.26666666666666666
0.6961722488038278
0.6147186147186147
0.7708942139099941
0.47611084567606304
0.447756559540444
0.5680139069969579
0.5601614656109299
0.7057692307692308
0.7784241142252777
0.7426900584795322
0.12121212121212122
0.3333333333333333
0.49731283589551306
0.7463414634146341
0.5454545454545454
0.5
0.6404862085086489
0.7021052631578948
0.616822429906542
0.6114197530864197
0.557241566183444
0.6905320813771518
0.28879892037786775
0.42483660130718953
0.501619245894055
0.7209109730848862
0.6527162977867204
0.7636363636363637
0.6756756756756757
0.19696969696969696
0.31384615384615383
0.5238095238095238
0.6404538341158059
0.7884828349944629
0.7109756097560975
0.7077625570776256
0.8164815897136177
0.5131313131313131
0.2
0.5714285714285714
0.29024390243902437
0.6454339311482169
0.5907258064516129
0.6676923076923077
0.4166666666666667
1.0
0.6785714285714286
0.38735177865612647
0.39095744680851063
0.42857142857142855
0.2
0.35947712418300654
0.56671012603216
0.3333333333333333
0.5905797101449275
0.8421052631578947
0.7602339181286549
0.847953216374269
0.847953216374269
0.934640522875817
0.8362573099415205
0.935672514619883
0.8362573099415205
0.847953216374269
0.935672514619883
0.8421052631578947
0.934640522875817
0.4468801436480622
0.5653912050256996
0.8214804063860668
0.5040516735173224
0.5775916561314791
0.7472236911686938
0.793151642208246
0.5488416203766427
0.5348548362055582
0.802275960170697
0.7570921985815603
0.7385798281320669
0.7700564971751412
0.5697522816166884
0.5723598435462842
0.7316561844863732
0.6773774748458293
0.6314413741598207
0.5710285882699676
0.7717948717948718
0.6978896704924102
0.7374741200828158
0.7078965758211041
0.6666666666666666
0.5751552795031056
0.7972350230414746
0.5416666666666666
0.7525510204081632
0.6521739130434783
0.5595611285266457
0.5567493112947658
0.45981981981981984
0.7078470824949699
0.7396870554765291
0.1
0.5714285714285714
0.24444444444444444
0.0
0.6771771771771772
0.3484848484848485
0.3333333333333333
0.5
0.6876600102406554
0.5588066551921974
0.7790960451977401
0.7680672268907563
0.7663865546218488
0.8366666666666667
0.8853754940711462
0.8266666666666667
0.6761904761904762
0.7297297297297297
0.34384384384384387
0.719327731092437
0.8876811594202898
0.7680672268907563
0.7142857142857143
0.8566666666666667
0.7663865546218488
0.8768115942028986
0.8766666666666667
0.7718360071301248
0.75
0.7833333333333333
0.7718360071301248
0.7294117647058823
0.8985507246376812
0.8266666666666667
0.7647058823529411
0.8405797101449275
0.7411764705882353
0.7736185383244206
0.7522281639928698
0.5107692307692308
0.25975975975975973
0.0
0.29435483870967744
0.1895424836601307
0.2621082621082621
0.5769230769230769
0.4
0.16666666666666666
0.8798798798798799
0.6266895107557586
0.6827956989247311
0.5564102564102564
0.5736914600550964
0.7625313283208021
0.35714285714285715
0.4631578947368421
0.16666666666666666
0.4632352941176471
0.39473684210526316
0.8233333333333334
0.8366666666666667
0.8866666666666667
0.83
0.8913043478260869
0.782608695652174
0.7736185383244206
0.8333333333333334
0.8297101449275363
0.7971014492753623
0.581700379266751
0.5368611488014473
0.8756410256410256
0.6567982456140351
0.6497849976110845
0.6942559927634554
0.13063063063063063
0.19047619047619047
0.26666666666666666
0.2777777777777778
0.13333333333333333
0.4
0.1
0.14166666666666666
0.2857142857142857
0.23809523809523808
0.3333333333333333
0.6666666666666666
0.2631578947368421
0.2545454545454545
0.8221906116642959
0.6984126984126984
0.7126600284495022
0.7642796248934356
0.6534391534391535
0.6230274693161894
0.7246376811594203
0.7754010695187166
0.0
0.0
0.717948717948718
0.9059649122807018
0.9375951293759512
0.9627092846270928
0.9711218067382451
0.9604261796042618
0.5333333333333333
0.9392982456140351
0.8970751573491299
0.54375
0.5606060606060606
0.9440532081377152
0.9049897470950102
0.9477971121806739
0.9362162162162162
0.9448352462051092
0.9699391171993912
0.9291228070175439
0.9542342342342343
0.9415031469825991
0.9392817475009256
0.9233617178822658
0.9285449833395039
0.9600148093298778
0.9492780451684562
0.9159570529433543
0.9411329137356534
0.9231032125768968
0.9344144144144144
0.9278045168456127
0.9424561403508772
0.9651980747871158
0.8950786056049214
0.919710806697108
0.6
0.7076023391812866
0.17857142857142858
0.3
0.16666666666666666
0.7142857142857143
0.23976608187134502
0.047619047619047616
0.3626373626373626
0.13636363636363635
0.12727272727272726
0.42857142857142855
0.4666666666666667
0.2
0.5238095238095238
0.5333333333333333
0.47619047619047616
0.2857142857142857
1.0
0.47619047619047616
0.4714285714285714
0.3333333333333333
0.3333333333333333
0.5714285714285714
0.27898550724637683
0.0
0.1653768584963182
0.6666666666666666
0.5714285714285714
0.6785714285714286
0.5
0.35714285714285715
0.42857142857142855
0.4722222222222222
0.08888888888888889
0.3333333333333333
0.8095238095238095
0.0
0.23809523809523808
0.29523809523809524
0.7543859649122807
0.4
0.0
0.2
0.3523809523809524
0.3484848484848485
0.3
0.03571428571428571
0.0
0.0
0.9426138467234357
0.8937115516062885
0.0
0.1
0.7
0.4
1.0
0.4
0.15789473684210525
0.16666666666666666
0.3
0.0
0.5
0.7
0.0
0.3333333333333333
0.847953216374269
0.7333333333333333
0.13333333333333333
0.0
0.0
0.0
0.6666666666666666
0.0
0.26666666666666666
0.30303030303030304
0.19230769230769232
0.4
0.0
0.6
0.0
0.6
0.26666666666666666
0.0
0.2545454545454545
0.4444444444444444
0.4166666666666667
0.5555555555555556
0.28888888888888886
0.8
0.2222222222222222
0.0
0.3611111111111111
0.25
0.7777777777777778
0.5735294117647058
0.7111111111111111
0.06666666666666667
0.10714285714285714
0.3047619047619048
0.0
0.4
0.18181818181818182
0.37777777777777777
1.0
0.0
0.3333333333333333
0.16666666666666666
0.7426900584795322
0.35714285714285715
0.0
0.1
0.0
0.3333333333333333
0.3333333333333333
0.2878787878787879
0.32142857142857145
0.0
0.32142857142857145
0.3333333333333333
0.17582417582417584
0.4642857142857143
0.32142857142857145
0.0
0.3333333333333333
0.40441176470588236
0.5714285714285714
0.6071428571428571
0.2087912087912088
0.21428571428571427
0.0
0.3055555555555556
0.14285714285714285
0.16666666666666666
0.15441176470588236
0.5
0.17857142857142858
0.3333333333333333
0.0
0.0
0.0
0.0
0.0
0.0
0.0
0.0
0.0
0.0
0.0
0.0
0.0
0.0
0.0
0.0
0.0
0.0
0.0
0.0
0.0
0.0
0.0
0.0
0.0
0.0
0.0
0.0
0.9392817475009256
0.0
0.0
0.0
0.0
0.0
0.0
0.0
0.0
0.0
0.0
0.0
0.0
0.0
0.0
0.0
0.0
0.0
0.0
0.0
0.0
0.0
0.0
0.0
0.0
0.0
0.0
0.0
0.0
0.0
0.0
0.0
0.0
0.0
0.0
0.0
0.0
0.0
0.0
0.0
0.0
0.0
0.0
0.0
0.0
0.0
0.0
0.0
0.0
0.0
0.0
0.0
0.0
0.0
0.0
0.0
0.0
0.0
0.0
0.0
0.0
0.0
0.0
0.0
0.0
0.0
0.0
0.0
0.0
0.0
0.0
0.0
0.0
0.0
0.0
0.0
0.0
0.0
0.0
0.0
0.0
0.0
0.0
0.0
0.0
0.0
0.0
0.0
0.0
0.0
0.0
0.0
0.0
0.0
0.0
0.0
0.0
0.0
0.0
0.0
0.0
0.0
0.0
0.0
0.0
0.0
0.0
0.0
0.0
0.0
0.0
0.0
0.0
0.0
0.0
0.0
0.0
0.0
0.0
0.0
0.0
0.0
0.0
0.0
0.0
0.0
0.0
0.0
0.0
0.0
0.0
0.0
0.0
0.0
0.0
0.0
0.0
0.8641243983709738
0.0
0.0
0.0
0.0
0.0
0.0
0.0
0.0
0.0
0.0
0.0
0.0
0.0
0.0
0.0
0.0
0.0
0.0
0.0
0.0
0.0
0.0
0.0
0.0
0.0
0.0
0.0
0.0
0.0
0.0
0.0
0.0
0.0
0.0
0.0
0.0
0.0
0.0
0.0
0.0
0.0
0.0
0.0
0.0
0.0
0.0
0.0
0.0
0.0
0.0
0.0
0.0
0.0
0.0
0.0
0.0
0.0
0.0
0.0
0.0
0.0
0.0
0.0
0.0
0.0
0.7692307692307693
0.0
0.0
0.0
0.0
0.0
0.0
0.0
0.0
0.0
0.0
0.0
0.0
0.0
0.0
0.0
0.0
0.0
0.0
0.0
0.0
0.0
0.0
0.0
0.0
0.0
0.0
0.0
0.0
0.0
0.0
0.0
0.0
0.0
0.0
0.0
0.0
0.0
0.0
0.0
0.0
0.0
0.0
0.0
0.0
0.16666666666666666
0.3333333333333333
0.16666666666666666
0.3333333333333333
0.7450980392156863
1.0
1.0
1.0
0.3333333333333333
0.0
0.3333333333333333
0.16666666666666666
0.3333333333333333
0.0
0.4725274725274725
0.3333333333333333
0.0
0.0
0.3333333333333333
0.0
1.0
1.0
1.0
0.3333333333333333
1.0
1.0
1.0
0.3333333333333333
0.0
0.0
0.16666666666666666
1.0
1.0
1.0
0.5
0.0
0.7
0.0
0.0
0.8333333333333334
0.0
0.16666666666666666
0.0
0.0
0.16666666666666666
0.3333333333333333
0.3333333333333333
1.0
0.0
1.0
0.0
0.0
1.0
0.0
0.0
0.0
1.0
0.0
0.0
0.0
0.0
0.0
0.0
0.0
0.0
0.0
0.9101161995898838
0.0
0.0
0.0
0.0
0.0
0.0
0.0
0.0
0.0
0.0
0.0
0.0
0.0
0.0
0.0
0.0
0.0
0.0
0.0
0.0
0.0
0.0
0.0
0.0
0.0
1.0
1.0
0.0
1.0
1.0
1.0
0.0
1.0
0.6666666666666666
1.0
1.0
0.6666666666666666
0.0
1.0
0.0
0.0
0.0
0.0
0.0
0.0
0.0
1.0
0.0
0.0
0.0
0.0
0.0
1.0
0.0
0.0
0.0
0.9202279202279202
0.9375438596491228
0.9533506108848575
0.6282051282051282
0.5757575757575758
0.847953216374269
0.0
0.5454545454545454
0.0
0.935672514619883
0.0
0.0
1.0
1.0
0.0
0.0
0.0
0.0
0.0
0.0
0.0
0.0
0.0
0.0
0.0
1.0
1.0
0.9303961495742318
0.9418733802295446
0.9171171171171171
0.0
0.0
0.0
0.0
0.0
0.0
0.0
0.0
0.0
0.0
0.0
0.0
0.0
0.0
0.0
0.0
0.0
0.0
0.0
0.0
0.0
0.0
0.0
0.9553153153153153
0.9354954954954955
0.0
0.0
0.0
0.0
0.0
0.9471080669710806
0.9542342342342343
0.9396519807478712
0.9596445760829323
0.9527927927927928
0.9828767123287672
0.9711218067382451
1.0
1.0
