0.007966385301377346
0.015458266902351357
0.0023867708148998914
0.0016397945552256655
0.001885786295623183
0.001541066469213275
0.0073423213019557405
0.009240990233895937
0.0046050787374175605
0.004490083348166459
0.004716861444386961
0.005026183095662891
0.005352489780998623
0.005543686006467189
0.00616683430709439
0.004849008335244717
0.004040068866069857
0.006113833775422506
0.005975195392256931
0.003944827230505292
0.004742276572421023
0.0028184997535799115
0.0038689783958612686
0.00413707764764747
0.003192850538607199
0.0035878351435919
0.001219870395228479
0.0012941939898719374
0.000982724643409308
0.0034044992095569205
0.001961950575624952
0.00043729910549379305
0.0024154032567176354
0.001700101008029192
0.0033429190326107333
0.0011628505084110745
0.003416983075951457
0.0029884633407305586
0.0025785129301698676
0.0012662615810520455
0.0021289001577873986
0.007959678357001898
0.004575731715209225
0.0052572322357791225
0.003731446940217966
0.0059755109229367295
0.0018344985704697038
0.00377865556275749
0.002213688641841486
0.000566823761568344
0.0008577439347330461
0.0008304710774883524
0.0009126211613113714
0.0025044211093872963
0.0007212950427550749
0.001798537765397052
0.005136200194343532
0.0025554183024576477
0.0042210033842815875
0.0030855847068133103
0.0008389613547210045
0.0002425858438092371
0.0006026383690053967
0.0025810281210029546
0.0034826608525096573
0.0022713342755269037
0.004075869274086443
0.005049794695482993
0.003878643497340122
0.0034819628017853884
0.002416156561908307
0.00233357509928476
0.0012744175638065803
0.0011774583471729522
0.00043717127970505597
0.004521893431345589
0.001511175713958706
0.0023402000921248973
0.0033202399946245134
0.00333076795938763
0.002490940824706721
0.0035452294066982528
0.0027695155771250974
0.004143482350438757
0.002702005068630821
0.0020666571763006732
0.0008686062988371798
0.004194335914295275
0.002551779585186426
0.0027591285559491986
0.0019965634719694976
0.002547436536274046
0.001241512403951532
0.0014272609732493096
0.0004384072483204437
0.003060639621371061
0.0016544573154805501
0.001624911464818519
0.002569744310563386
0.0020193596346591014
0.0040570580814075895
0.000843426294085986
0.0005252617679928365
0.002369526221986775
0.0030000046627279738
0.0015869753908709604
0.001384193473049579
0.000617279248302657
0.0002798715240428508
0.0004967127900015666
0.001275261203510133
0.0023852856978117867
0.0006083226630270175
0.0004411668684516479
0.0012755822935304104
0.0038035813310338578
0.00042392226537416977
0.001725219246496805
0.0014080107227537931
0.0012738296613471886
0.0013394302006828165
0.0013215232355925004
0.001221380880746413
0.0012782433978048395
0.0012790091222213914
0.0012779232888188658
0.0013186977852095545
0.0012790091222213914
0.0013027437749104141
0.0012213672016222065
0.005176907838079257
0.003254332130370226
0.0018511328466180076
0.004077120524969628
0.003368703416557879
0.002164682826380701
0.0018750335928814793
0.0038118030442270846
0.003634190166006906
0.0013686161223955017
0.0017745631470011225
0.0025695844937205043
0.00220716271206098
0.0036614290673103443
0.003685756349713817
0.0020238911753958557
0.002635401053153711
0.0035135065924026647
0.0041435400148197065
0.0014179639333519968
0.002683805526576035
0.0025628683397664553
0.0020890091947675486
0.002080353824534749
0.002827580743672988
0.002136926155221325
0.0023513402718519324
0.001884219905416219
0.0010510717478642239
0.0036878981971890466
0.0041851210841770785
0.0035347085125868086
0.0024471566117432644
0.0014093813170319796
0.000424624844692367
0.0005002142593323979
0.0007081165227647277
0.00020690149640801344
0.0014653983832642497
0.0007304780709118581
0.0008318662326971152
0.0005387266356593
0.0021813654212009515
0.002824443600524066
0.002051753085702275
0.0016252930495314472
0.0016301890067599236
0.001188178729049846
0.0011078260720816943
0.0012096737118801701
0.0014250063414379453
0.0014280209511064376
0.0017567699541323487
0.0016525320543276485
0.0011488251533865801
0.0016252930495314472
0.0017577035007784853
0.0012012611942980372
0.0016301890067599231
0.0011518847942922142
0.0011901735304913512
0.0015847475798794273
0.001473249098263455
0.001230003387398068
0.001584747579879427
0.0017584259573576054
0.0011486782758672294
0.001197611483779291
0.0015861817900402456
0.001160954013960469
0.0016374685613201113
0.0015841223557974608
0.0015995141190958619
0.0011008484678550197
0.00198995955950536
0.00025765402337515935
0.0018498964241356606
0.001165354835512952
0.0016987946435770376
0.0007919425203148191
0.0006674651465131736
0.00112803401416461
0.0013498898226957767
0.00354760756783292
0.0028719263818674967
0.001748199970122834
0.0037685247289094763
0.0019930741395366223
0.0005001046221719158
0.000867045656301744
0.00033872437189312555
0.0007654471624335791
0.0008698827878530871
0.0013338008984371936
0.0013241833413287702
0.0011849379132706005
0.001207027532904872
0.0011451857409174662
0.0012885907713833732
0.0015840460724257535
0.0012934118571063258
0.0011533277080713346
0.0011684306134529475
0.0038987563443786204
0.0029656368559316834
0.001600787681650919
0.003294603857307179
0.003096948874379878
0.002502233352819101
0.002889281340985158
0.000638628938290915
0.0004480441566643687
0.0006022178508101745
0.0005173480382231187
0.0006054596611354635
0.0005464065984015274
0.0015246557306371614
0.0008427970301908684
0.0006863741056917387
0.00048628310487716035
0.0004003698789946366
0.0017776994169206666
0.000981283220990729
0.0013807924935432295
0.0012263228918145154
0.0013815966305082037
0.002500672821937131
0.0013598655444336065
0.0025977656297129156
0.0009617541652584273
0.0014129743742820238
0.00020297023869750338
0.0002037366896978745
0.0006241336667496273
0.0022029922117008547
0.0020582229198002748
0.002024032000227181
0.0020416298783687277
0.0020288685942099387
0.00041300680450126015
0.0021287890037336482
0.0022962525727561953
0.002124883696969424
0.0005748573369763387
0.0020369870256247793
0.0022714524655563875
0.002055771592571347
0.0020775320035248965
0.002076122098953707
0.0020128827880277777
0.002230142619409071
0.002069236677081343
0.0021368109129954833
0.0021027091961617725
0.002134031122436585
0.002181714402978164
0.002066905127707949
0.002048776467815648
0.0020679098391652223
0.0021044610133177004
0.002178500376470496
0.00213746557324006
0.00209220874487322
0.002120499462715396
0.002041452003009628
0.0023059367461262577
0.002208494604130673
0.0004326814308544525
0.0010243412118067388
0.0007009975168149168
0.0004946817777435539
0.0004453016301902159
0.00036744040918417034
0.0014735229124364219
0.0007175872336487262
0.0009699961518221199
0.0011669035496344978
0.0009910333045503007
0.0004924711225787604
0.0004211176610532458
0.00047428173365503273
0.00046856998763990904
0.00035728208022771266
0.0004731234398461675
0.0006621621286164774
0.00033896714213532453
0.0005173916416739283
0.0011393469818849072
0.0007332797897201465
0.0004592240608268092
0.0007403015209565272
0.0014701751263906419
0.0008550500960029277
0.013769733601952605
0.0004217326988517843
0.0003929325628936263
0.00047574712865429766
0.00037688080852331385
0.0005146837281993816
0.0004625972946922958
0.000631705510810263
0.0008390799970573579
0.0007675918593629445
0.000517528878767801
0.0003693781515708799
0.000505807211543827
0.0013541282126917245
0.0013295331788796079
0.0004487867427721911
0.00028988752345896434
0.0004642298146590399
0.0009234636642827749
0.0007232187402718452
0.0005127007222006396
0.0010040415070983982
0.0010525638957611478
0.0005526108537377899
0.0020724836626635173
0.0022261250370152583
0.0004215522800501081
0.00046746675054253495
0.00037246925945003963
0.00032409475978502166
0.00029711527051527167
0.0004379995558896402
0.0015950659768720849
0.00041923071242589306
0.0006519973755596849
0.0002769524983630466
0.0003728194208300765
0.0003198103452811381
0.0008948177520693402
0.0004203264649449958
0.0012788368779932653
0.0003401613677665291
0.0011130846169350194
0.00032379992748609454
0.00032379992748609454
0.00032379992748609454
0.00042574256703773865
0.00037256522126642597
0.00037477020117309974
0.0005840969018734055
0.0007297624579851372
0.0008231677816480131
0.0002827283750258536
0.0004360809739754686
0.00034992069673002235
0.0005046920534136122
0.0005676427551384309
0.0003339956452433414
0.000789488460470623
0.0006502612805091441
0.0005993290824192071
0.0005197351375010201
0.0006017518735345334
0.00047896081394929865
0.0007651645769542737
0.00023837851167718893
0.0008655653037130778
0.0009683247943338142
0.0004940168749214712
0.0008074747425986325
0.0005678000400559522
0.000903170018932872
0.0009127779203415142
0.0013533370820706452
0.0004167193245897161
0.0005917285206274953
0.0007500147634899114
0.0007196710179697714
0.0002788125267223571
0.00025162559134448
0.0010613369689924418
0.0010746328074461473
0.0013403999379856064
0.0004911897346478737
0.0006091532618102427
0.0012209420607155826
0.0007361903669389724
0.0007761343600211413
0.000772516568062871
0.0012151204790409812
0.0008021633682135855
0.00033321902833686985
0.0007840404362870544
0.0005278448961998377
0.001331192841753114
0.0005469704886498066
0.0008673652589198478
0.0002582704886559932
0.0003222406905537463
0.0011092361800933038
0.0004263113725756506
0.000461377849802331
0.0008119753007298962
0.0005431213634355134
0.0005415268945434768
0.0012027285341665542
0.0007876382494076984
0.0004168818029169748
0.0015899082143846538
0.00041069319547778875
0.0005838832649182455
0.00031404835812295505
0.00019696878166205765
0.0011074197120708748
0.0011074197120708748
0.00020353837679422425
0.00019498145832015106
0.00021764050618127773
0.00020143729123272723
0.0001979704803861572
0.00019723347838988597
0.00019747460454086612
0.0011074197120708748
0.0011074197120708748
0.0011074197120708748
0.0011074197120708748
0.0011074197120708748
0.0011074197120708748
0.00021764050618127773
0.00019686623402068648
0.00020376492404118807
0.00023986904407340685
0.0011074197120708748
0.0011074197120708748
0.00022265536488308405
0.00022265536488308405
0.00022265536488308405
0.0011074197120708748
0.0011074197120708748
0.00019140959758690923
0.0022022985782386615
0.00021764050618127773
0.00021192140010265173
0.0001972083256213867
0.00020376492404118807
0.00019817130149801492
0.0011074197120708748
0.0011074197120708748
0.0002114622940480275
0.00019747460454086612
0.0002272149312927878
0.00019743323518772022
0.00021764050618127773
0.00021764050618127773
0.00020324720810425
0.0001988173213805641
0.00020647115825340656
0.00022265536488308405
0.0002037366896978745
0.0011074197120708748
0.0011074197120708748
0.00019804318228792305
0.00020297023869750338
0.0005343649821651694
0.00039321804735695633
0.00020068954892326368
0.0011074197120708748
0.0011074197120708748
0.00022634877860689206
0.00024711037878831195
0.0001932099595418274
0.00020224549796879165
0.00020376492404118807
0.00019118739971268366
0.0011074197120708748
0.0011074197120708748
0.0011074197120708748
0.0011074197120708748
0.00019637757481408418
0.00021764050618127773
0.00021193872661121605
0.00025405339350262633
0.0001988355469621019
0.00021764050618127773
0.0011074197120708748
0.0011074197120708748
0.00019248762881458813
0.00020377043676521713
0.00020376492404118807
0.0011074197120708748
0.0011074197120708748
0.00019808126198796533
0.0003211618084697685
0.0005472313023283957
0.00019839093942443123
0.0002872451240175695
0.00020051973983059525
0.0011074197120708748
0.0011074197120708748
0.0001910553088744919
0.00019655543618988562
0.00019551254449050366
0.00020091226376400681
0.00021764050618127773
0.00019528390513573682
0.000203172005245691
0.00021324215313984918
0.00020353837679422425
0.00019572128253983868
0.0011074197120708748
0.0011074197120708748
0.0002425858438092371
0.0011074197120708748
0.0011074197120708748
0.00019804318228792305
0.00019236171529069072
0.0001999255212546076
0.0002827283750258536
0.0002671252613127517
0.00022265536488308405
0.0011074197120708748
0.0011074197120708748
0.00019989701150745432
0.00019871214016741614
0.00021764050618127773
0.0001988847637181674
0.00019899548758245785
0.00020739456629126802
0.00022265536488308405
0.00019779078224794094
0.00019356798078951954
0.00019469360635308172
0.00021620353253736828
0.00021113529689260923
0.00023203373989865646
0.0002195935435109732
0.0011074197120708748
0.0011074197120708748
0.000196199241232373
0.0011074197120708748
0.0011074197120708748
0.00019871214016741614
0.00019747460454086612
0.00019786384448275757
0.0001998001225351275
0.0002020430325378612
0.00021175064771121192
0.0011074197120708748
0.0011074197120708748
0.00026309575324710496
0.00020880014496875608
0.0001981054983327738
0.00020173468828134334
0.00019543986220949764
0.00019686623402068648
0.00019655543618988562
0.00020826696803606488
0.00019117315734451526
0.00026695596103763444
0.00019546529318892813
0.00019546529318892813
0.0014377027840920128
0.0007771366400497373
0.00021943128046082285
0.00025405339350262633
0.0001940986358328471
0.00019258603541681682
0.00021136541277284613
0.00019888013666383652
0.00019801160581863183
0.0002020430325378612
0.00021523726439496972
0.0001931219108513761
0.00019351160653153932
0.00021764050618127773
0.00020835236890387912
0.00020690149640801344
0.0022360103821325375
0.00019179682750638938
0.00022265536488308405
0.0011074197120708748
0.0011074197120708748
0.00019804318228792305
0.00019405232059532216
0.00022265536488308405
0.00027279246688091235
0.00019691832379514944
0.0011074197120708748
0.0011074197120708748
0.0002037366896978745
0.00019546529318892813
0.00019914475842915268
0.00029287890973308395
0.00022265536488308405
0.00024792329993075237
0.00019267057194120727
0.00021764050618127773
0.00020881769034447145
0.0011074197120708748
0.0011074197120708748
0.00019523409246118798
0.00022265536488308405
0.00020324720810425
0.0005043554511106832
0.00030901365608511453
0.000877354373425226
0.0005389913352690102
0.00020059793635105602
0.0002811873954140089
0.00019826385671667239
0.00021764050618127773
0.00021764050618127773
0.00020739456629126802
0.0011074197120708748
0.0011074197120708748
0.0002582704886559932
0.0005696303847141317
0.00040820584554629365
0.00024193943238983202
0.00020617297519277423
0.0002020430325378612
0.00019747460454086612
0.00021523726439496972
0.00019804318228792305
0.0001970988284856439
0.0011074197120708748
0.0011074197120708748
0.0006809897444786959
0.00045553376203364944
0.00020377043676521713
0.0002428021362072855
0.00025405339350262633
0.00028937659227652447
0.000580064283852139
0.0011074197120708748
0.0011074197120708748
0.0002425858438092371
0.00019386850410453379
0.00027970412559088045
0.00021943128046082285
0.00019182827280255686
0.00019546529318892813
0.00021309739614706606
0.0007738617737294697
0.00019599321607780085
0.000196199241232373
0.00019523409246118798
0.00019523409246118798
0.00020826696803606488
0.0002456417021486496
0.0011074197120708748
0.0011074197120708748
0.00021764050618127773
0.0001969404303681247
0.0001960145682542121
0.0001991327295421459
0.0011074197120708748
0.0011074197120708748
0.00021136541277284613
0.00022265536488308405
0.00019839093942443123
0.00019753748863398483
0.00019538930712376825
0.00019523409246118798
0.00020210220351746743
0.00019686623402068648
0.0011074197120708748
0.0011074197120708748
0.00023646765898029475
0.0011074197120708748
0.0011074197120708748
0.0011074197120708748
0.0011074197120708748
0.0001973810726434425
0.00021764050618127773
0.00022265536488308405
0.00021764050618127773
0.00021764050618127773
0.00027970412559088045
0.00019621557502338323
0.0011074197120708748
0.0011074197120708748
0.00019294446445320283
0.0002671252613127517
0.00020068954892326368
0.00019156807061560595
0.00022157474124364054
0.00044462077146543814
0.0011791370521849406
0.00048622526900634494
0.00033846855346960383
0.00041121514165754343
0.001264781913990901
0.0006450425079314766
0.0011074197120708748
0.0011074197120708748
0.00044327835293028105
0.00034211996184127015
0.00033636766477435494
0.0004929882574290767
0.0004116077422548188
0.0007565909764962813
0.0006905003861476838
0.0005034041757545172
0.00037018794640008434
0.0002973753580653061
0.0005288810474292603
0.00031596257250355485
0.0011074197120708748
0.0011074197120708748
0.0011074197120708748
0.0003010666893482498
0.0011074197120708748
0.0002743914922804827
0.0002446720787026945
0.00035667026407407577
0.00030095356232242285
0.0006479251266421747
0.000477315826067128
0.0011074197120708748
0.0011074197120708748
0.0011074197120708748
0.0003681391060164767
0.0002726885537497783
0.00039206169831764636
0.0007510168936514655
0.0004603587981462754
0.0003233274612933503
0.0004146588871282872
0.000668236272414802
0.0003646555687262067
0.0003081131606537539
0.00046620415490596594
0.0002841543900027753
0.0002828666344432441
0.00022774582083451725
0.00033272616857039135
0.00022941803159600002
0.000595533743341463
0.000877354373425226
0.0002512360144255345
0.0003218464102690096
0.0005357918884614189
0.00039382448856322864
0.00027597368853327564
0.00028582055837005624
0.0014377027840920128
0.0007771366400497373
0.0005438261772487702
0.00039723907313889226
0.0007343836258768947
0.0007997814379158109
0.00027462419843097267
0.0002648009197518617
0.0022049761901555376
0.00025122212627887955
0.00019621557502338323
0.0011074197120708748
0.0011074197120708748
0.000389205212189047
0.0005249230304993851
0.00019879838123984856
0.00019785768552746405
0.00019686623402068648
0.00019808126198796533
0.00019351160653153932
0.00021764050618127773
0.00021620353253736828
0.00021764050618127773
0.0011074197120708748
0.0011074197120708748
0.0005389913352690102
0.0001924887985919737
0.00039462587823496745
0.0005376774832640202
0.00019808126198796533
0.0002576964622120423
0.00024359100922555414
0.0002811646349025844
0.00023774717367780246
0.0011074197120708748
0.0011074197120708748
0.00027730155896040474
0.0011074197120708748
0.0011074197120708748
0.00022910697462938726
0.00025274679043044433
0.00027418291425373054
0.00029032822146915217
0.00028440330331554225
0.0002917906293837562
0.00030331702007038345
0.00029780266697800766
0.0002597818388054532
0.00040521426812473616
0.0004485417371274422
0.0005390834584826116
0.0004290359779212269
0.00026856915790519394
0.00023419435248938833
0.0003177809479100409
0.0002462873900067296
0.0002616271698484647
0.0005645828454218111
0.00040606066568443935
0.000237173636676955
0.0003332080651810305
0.00024417524076821083
0.00023528310551105706
0.000595533743341463
0.0002357322297059142
0.0008769290338245094
0.002122270430067281
0.002066318086300203
0.00059591918871316
0.0005828342443305013
0.0012953772775749226
0.0002521840838510446
0.0006506555297902242
0.00024951633894184597
0.0012790091222213914
0.00022910344052240838
0.00022634877860689206
0.00029062396037316326
0.0002760433631467875
0.00021943128046082285
0.00021943128046082285
0.00021943128046082285
0.00021943128046082285
0.00021943128046082285
0.00021943128046082285
0.00021943128046082285
0.00021943128046082285
0.00021943128046082285
0.00021943128046082285
0.00021943128046082285
0.00022822788175092136
0.0003075109784154703
0.0021124270020502927
0.0020673049573791498
0.002114856776923924
0.00021764050618127773
0.00021764050618127773
0.00021764050618127773
0.00021764050618127773
0.00021764050618127773
0.00021764050618127773
0.00021764050618127773
0.00021764050618127773
0.00021764050618127773
0.00021764050618127773
0.00021764050618127773
0.00021764050618127773
0.00021764050618127773
0.00021764050618127773
0.00022265536488308405
0.00022265536488308405
0.00022265536488308405
0.00022265536488308405
0.00022265536488308405
0.00022265536488308405
0.00022265536488308405
0.00022265536488308405
0.00022265536488308405
0.0020978478315094662
0.0021086544031682355
0.00022265536488308405
0.00022265536488308405
0.00022265536488308405
0.00022265536488308405
0.00019386850410453379
0.002026178310386961
0.0020692366770813427
0.0020748071444744703
0.0020671800746900524
0.00209271126851287
0.0020138452372445376
0.0020416298783687264
0.0011074197120708748
0.0011074197120708748
