256
243
213
196
178
176
178
177
164
163
156
149
149
142
141
138
135
132
129
127
123
124
122
121
122
120
120
116
119
114
115
115
114
113
110
108
106
106
105
106
105
101
100
102
101
98
99
98
94
94
92
91
89
88
86
82
85
84
81
80
79
78
77
79
78
77
76
77
76
75
75
75
75
76
75
76
75
73
74
75
72
75
75
74
74
71
73
72
74
74
74
72
74
74
74
74
72
73
74
74
74
73
74
74
74
72
74
73
72
72
71
71
70
70
67
65
67
65
65
65
64
64
63
62
60
61
60
60
60
59
58
55
56
55
55
54
53
49
49
48
47
47
44
44
42
43
41
40
38
38
37
37
37
34
35
35
35
35
35
35
35
35
34
33
31
32
29
28
27
27
26
25
26
26
25
25
25
25
25
25
25
25
24
24
24
24
24
23
22
21
20
19
19
19
19
19
19
19
19
19
19
18
19
18
18
17
17
17
17
15
14
13
13
12
12
11
12
10
10
10
9
9
8
8
8
8
7
7
7
7
6
6
6
6
6
5
5
4
4
4
4
4
4
4
4
4
4
4
3
3
2
2
2
1
1
1
1
160
160
142
124
117
94
93
76
76
76
76
74
75
73
74
72
60
55
54
50
48
43
43
42
41
40
38
38
37
36
35
35
33
31
29
28
24
24
24
24
24
20
19
18
19
18
16
14
14
12
12
11
10
10
10
10
10
9
8
7
7
6
6
6
6
5
5
4
4
4
3
2
2
2
1
1
122
76
37
35
25
24
19
19
19
14
12
11
10
10
9
9
8
8
7
7
7
5
5
5
5
5
4
4
4
3
3
3
3
2
2
2
1
1
1
1
38
35
35
24
19
13
12
11
9
8
8
8
7
7
7
6
4
3
3
2
1
1
1
71
54
44
21
19
14
9
8
8
8
8
7
7
7
5
3
3
3
1
1
1
12
9
8
5
5
5
4
2
2
2
19
15
9
4
3
3
2
1
24
19
13
10
7
7
2
2
2
1
1
24
12
7
4
4
4
3
2
1
40
19
15
8
1
23
12
10
8
4
4
1
8
6
5
3
3
2
2
2
1
1
1
19
13
5
3
2
1
1
1
3
1
6
1
4
3
1
8
8
8
7
5
3
3
1
9
1
1
6
5
4
2
5
3
2
4
3
2
10
9
5
4
2
1
4
2
1
4
4
2
1
6
2
1
5
5
1
6
5
1
1
4
3
3
1
2
3
4
4
7
3
2
2
5
1
4
4
1
1
3
1
1
2
2
1
1
7
4
4
1
5
1
1
1
1
1
7
1
8
2
1
2
6
1
3
2
1
1
1
2
3
2
2
2
4
1
1
2
2
1
1
3
2
1
3
1
1
2
2
1
1
1
1
4
1
1
2
2
2
1
1
1
1
1
1
2
1
1
3
1
1
2
1
1
1
1
1
2
1
1
2
1
1
1
1
1
2
1
2
1
1
1
1
2
1
1
1
1
1
1
1
1
1
1
1
1
1
1
1
1
1
1
1
1
1
1
1
