46
46
46
46
46
46
46
46
46
46
46
46
46
46
46
46
46
46
46
46
46
46
46
46
46
46
46
46
46
46
46
46
46
46
46
46
46
46
46
46
46
46
46
46
46
46
46
46
46
46
46
46
46
46
46
46
46
46
46
46
46
46
46
46
46
46
46
46
46
46
44
46
46
46
46
46
46
46
46
46
45
46
46
46
46
46
46
46
46
46
46
46
46
46
46
46
46
46
46
46
46
46
46
46
46
46
46
46
46
44
46
46
46
45
46
46
46
46
46
40
46
46
44
46
44
45
44
44
46
46
45
43
43
34
39
44
42
39
36
39
34
37
41
40
36
36
33
36
27
27
33
27
33
27
27
29
31
31
30
32
32
32
31
29
27
29
28
27
20
26
22
20
25
24
24
21
23
22
23
23
23
22
21
23
23
20
23
22
21
20
16
19
17
18
19
18
18
19
19
18
18
17
14
18
18
17
16
17
17
13
13
13
12
12
11
11
11
10
10
8
9
9
8
8
8
8
7
6
7
5
6
6
5
6
6
5
5
4
4
4
4
4
4
4
3
4
4
4
3
3
2
2
2
1
1
1
1
46
46
46
46
46
46
46
46
46
46
46
46
46
46
46
46
46
44
43
41
36
35
30
34
31
31
33
28
28
31
34
30
32
27
26
26
23
20
18
19
22
18
19
17
12
17
16
11
14
12
9
11
10
10
10
10
8
9
8
7
7
6
6
6
6
5
5
4
4
4
3
2
2
2
1
1
46
46
31
29
22
22
19
18
19
13
12
11
7
9
9
9
8
5
6
7
7
5
5
5
5
5
4
4
4
3
3
3
3
2
2
2
1
1
1
1
31
27
32
21
14
13
11
11
9
8
7
8
7
6
7
6
4
3
3
2
1
1
1
46
44
37
18
17
14
8
8
8
5
7
7
7
7
5
3
3
3
1
1
1
11
9
8
5
5
5
4
2
2
2
14
14
8
3
3
3
2
1
22
19
13
10
7
7
2
2
2
1
1
24
12
5
3
4
3
3
2
1
28
18
14
8
1
20
12
9
8
4
4
1
8
6
5
3
3
2
2
2
1
1
1
19
13
5
3
2
1
1
1
3
1
6
1
4
3
1
7
6
8
7
5
3
3
1
9
1
1
6
5
4
2
5
3
2
4
3
2
10
9
5
4
2
1
4
2
1
4
4
2
1
5
2
1
5
5
1
6
5
1
1
4
3
3
1
2
3
4
4
7
3
2
2
5
1
4
4
1
1
3
1
1
2
2
1
1
6
3
4
1
5
1
1
1
1
1
7
1
8
2
1
2
6
1
3
2
1
1
1
2
3
2
2
2
4
1
1
2
2
1
1
3
2
1
3
1
1
2
2
1
1
1
1
4
1
1
2
2
2
1
1
1
1
1
1
2
1
1
3
1
1
2
1
1
1
1
1
2
1
1
2
1
1
1
1
1
1
1
2
1
1
1
1
2
1
1
1
1
1
1
1
1
1
1
1
1
1
1
1
1
1
1
1
1
1
1
1
