0.1711703431372549
0.18732782369146006
0.19200106298166356
0.23296703296703297
0.23182885799530248
0.2459090909090909
0.2518885291690472
0.26007960965588084
0.23612150231931767
0.25994092251760964
0.23564929693961953
0.3108108108108108
0.27190277525847995
0.3072620117870343
0.3006079027355623
0.26182164392256424
0.31475953565505804
0.32026370575988894
0.28766957364341084
0.3118360204974378
0.2934826069572171
0.2861264096511933
0.29399810323804365
0.3276859504132231
0.28153366752472564
0.2739495798319328
0.2526610644257703
0.27136431784107945
0.29226605896595925
0.32914143766495885
0.33806254767353167
0.34035087719298246
0.24545877969259433
0.3185840707964602
0.28940783986655544
0.3302180685358255
0.3326145552560647
0.255884995507637
0.3677655677655678
0.34159928122192273
0.28827838827838825
0.3336633663366337
0.28909090909090907
0.35430013589594256
0.35287128712871285
0.35787923416789397
0.27602556173984744
0.31832526825163054
0.3619309082589796
0.3415694349119195
0.2630195891065456
0.31477411477411477
0.30209397344228806
0.3168756530825496
0.31299589603283173
0.3878349894610057
0.3610644257703081
0.29518072289156627
0.341358024691358
0.41265822784810124
0.38915936384290817
0.3762903762903763
0.410457963089542
0.32619279454722494
0.3752913752913753
0.30963773069036227
0.316140350877193
0.4531784005468216
0.39228070175438595
0.40864864864864864
0.3030630630630631
0.3084684684684685
0.42414414414414414
0.36736842105263157
0.3427027027027027
0.4298245614035088
0.45045045045045046
0.3253424657534247
0.39059607552758235
0.4461261261261261
0.3215962441314554
0.3654054054054054
0.40468468468468466
0.3661606812291744
0.3320992225101814
0.3150905432595573
0.3972602739726027
0.48826291079812206
0.3965198074787116
0.35135135135135137
0.34209552017771194
0.2965571205007825
0.3476490188818956
0.38059977786005184
0.32395409107737877
0.36060718252499074
0.4209702660406886
0.4204718417047184
0.34838948537578673
0.34690855238800444
0.3639392817475009
0.4379756468797565
0.3502406516105146
0.3628285820066642
0.36949278045168454
0.4057120500782473
0.332469455757127
0.3633942161339422
0.38615023474178406
0.30359937402190923
0.3959758551307847
0.3533199195171026
0.4082815734989648
0.315527950310559
0.4445952057892356
0.43125
0.4522840343735866
0.38125
0.4543269230769231
0.2985576923076923
0.4330357142857143
0.46577380952380953
0.3614951356886841
0.4531993654151243
0.3271186440677966
0.3770491803278688
0.38361581920903953
0.35141242937853107
0.4271186440677966
0.41613091759205145
0.4724742891712039
0.432996632996633
0.35454545454545455
0.28484848484848485
0.3589225589225589
0.41788958770090845
0.4361393323657475
0.3869047619047619
0.3494897959183674
0.449468085106383
0.3089731729879741
0.4412580943570768
0.5
0.5824524312896406
0.437862950058072
0.39867109634551495
0.42073170731707316
0.4205128205128205
0.3200568990042674
0.30725462304409673
0.551051051051051
0.4009009009009009
0.4339339339339339
0.31016042780748665
0.3663865546218487
0.426890756302521
0.426890756302521
0.492436974789916
0.4319327731092437
0.5277310924369748
0.43865546218487395
0.5243697478991597
0.46880570409982175
0.4109848484848485
0.4752688172043011
0.5020161290322581
0.603448275862069
0.5238095238095238
0.2621082621082621
0.4700854700854701
0.29846153846153844
0.4066666666666667
0.6
0.5107692307692308
0.62
0.42
0.3433333333333333
0.39666666666666667
0.44
0.42
0.3933333333333333
0.42333333333333334
0.4057971014492754
0.47101449275362317
0.44565217391304346
0.32608695652173914
0.5543478260869565
0.5217391304347826
0.38095238095238093
0.638095238095238
0.34210526315789475
0.5263157894736842
0.3216374269005848
0.5380116959064327
0.43859649122807015
0.45614035087719296
0.52046783625731
0.47368421052631576
0.4853801169590643
0.3391812865497076
0.3742690058479532
0.6470588235294118
0.2982456140350877
0.6928104575163399
0.5490196078431373
0.6029411764705882
0.5147058823529411
0.5808823529411765
0.625
0.3047619047619048
0.4725274725274725
0.6923076923076923
0.38461538461538464
0.48484848484848486
0.4393939393939394
0.38181818181818183
0.48484848484848486
0.6222222222222222
0.8
0.37777777777777777
0.6388888888888888
0.7222222222222222
0.42857142857142855
0.35714285714285715
0.39285714285714285
0.5357142857142857
0.5238095238095238
0.5238095238095238
0.38095238095238093
0.3333333333333333
0.8666666666666667
0.6
0.5333333333333333
0.6
0.6
0.8
0.7
0.8333333333333334
1.0
1.0
0.8333333333333334
0.16666666666666666
0.8333333333333334
0.8333333333333334
0.5
0.6666666666666666
0.8333333333333334
0.3333333333333333
1.0
0.6666666666666666
1.0
1.0
1.0
0.0
0.0
0.0
0.0
0.24300314465408804
0.24921383647798742
0.29647387873339326
0.2815368476265408
0.31432360742705573
0.28048501487073896
0.37283777466105655
0.4203508771929825
0.36280701754385963
0.296140350877193
0.33789473684210525
0.33913365420214736
0.3232432432432432
0.3888888888888889
0.4013328396890041
0.36502347417840375
0.43615819209039547
0.3878787878787879
0.41579315164220826
0.4636734693877551
0.3351063829787234
0.3599114064230343
0.3289036544850498
0.41579558652729387
0.3853658536585366
0.2935897435897436
0.4480796586059744
0.35988620199146515
0.2957957957957958
0.3873015873015873
0.5714285714285714
0.5226890756302521
0.4053030303030303
0.4172043010752688
0.39901477832512317
0.4973544973544973
0.463768115942029
0.3333333333333333
0.2463768115942029
0.2572463768115942
0.37681159420289856
0.4789473684210526
0.5380116959064327
0.5424836601307189
0.15789473684210525
0.4117647058823529
0.4666666666666667
0.3956043956043956
0.43956043956043955
0.7424242424242424
0.22727272727272727
0.4
0.5555555555555556
0.4888888888888889
0.6444444444444445
0.6222222222222222
0.37777777777777777
0.6388888888888888
0.42857142857142855
0.42857142857142855
0.47619047619047616
0.4
0.5333333333333333
0.6
0.6
0.4
0.8
0.5
0.8333333333333334
0.5
0.3333333333333333
0.0
0.0
1.0
0.0
0.0
0.26297249695163255
0.41192982456140353
0.40540540540540543
0.4151260504201681
0.37333333333333335
0.532608695652174
0.4093567251461988
0.4269005847953216
0.5497076023391813
0.2087912087912088
0.5757575757575758
0.4
0.2
0.26666666666666666
0.5833333333333334
0.6666666666666666
0.7857142857142857
0.2857142857142857
0.2857142857142857
0.47619047619047616
0.38095238095238093
0.6
0.6
0.3
0.3
0.6
0.5
0.6666666666666666
1.0
0.3333333333333333
0.0
0.3333333333333333
0.6666666666666666
1.0
1.0
1.0
0.0
0.0
0.0
0.0
0.40256045519203415
0.3915966386554622
0.3865546218487395
0.37318840579710144
0.2573099415204678
0.3717948717948718
0.3939393939393939
0.4909090909090909
0.7777777777777778
0.35714285714285715
0.2857142857142857
0.39285714285714285
0.9047619047619048
0.7142857142857143
0.5714285714285714
0.5333333333333333
0.8333333333333334
1.0
0.6666666666666666
1.0
0.0
0.0
0.0
0.4249496981891348
0.39482879105520613
0.3678646934460888
0.20476190476190476
0.3684210526315789
0.5274725274725275
0.2777777777777778
0.42857142857142855
0.5357142857142857
0.25
0.10714285714285714
0.47619047619047616
0.5238095238095238
0.23809523809523808
0.4
0.3333333333333333
0.0
0.3333333333333333
0.0
0.0
0.0
0.3787878787878788
0.4722222222222222
0.7142857142857143
0.5
0.1
0.6
0.6666666666666666
1.0
1.0
1.0
0.21052631578947367
0.45714285714285713
0.2222222222222222
0.3333333333333333
0.3333333333333333
0.0
0.0
0.0
0.35144927536231885
0.39766081871345027
0.48717948717948717
0.6888888888888889
0.47619047619047616
0.3333333333333333
1.0
1.0
1.0
0.0
0.0
0.44565217391304346
0.5
0.19047619047619047
0.16666666666666666
0.3333333333333333
0.3333333333333333
1.0
1.0
0.0
0.23717948717948717
0.3508771929824561
0.37142857142857144
0.14285714285714285
0.0
0.42292490118577075
0.4696969696969697
0.2222222222222222
0.17857142857142858
0.5
0.3333333333333333
0.0
0.5
0.6666666666666666
0.2
0.6666666666666666
0.3333333333333333
1.0
0.0
0.0
0.0
0.0
0.0
0.4444444444444444
0.16666666666666666
0.6
0.3333333333333333
1.0
0.0
0.0
0.0
0.0
0.0
0.4
0.0
0.5
0.6666666666666666
0.0
0.21428571428571427
0.10714285714285714
0.2857142857142857
0.5238095238095238
0.2
0.6666666666666666
0.3333333333333333
0.0
0.5555555555555556
0.0
0.0
0.26666666666666666
0.3
0.6666666666666666
1.0
0.3
1.0
1.0
0.3333333333333333
0.0
1.0
0.37777777777777777
0.2222222222222222
0.3
0.3333333333333333
1.0
0.0
0.0
0.0
0.0
0.16666666666666666
0.0
1.0
0.0
0.2
0.0
0.0
0.4
0.3
0.0
0.3333333333333333
0.3
0.0
0.0
0.0
0.6666666666666666
0.3333333333333333
0.0
1.0
0.3333333333333333
0.3333333333333333
0.8333333333333334
0.3333333333333333
0.3333333333333333
0.0
0.0
0.3
0.0
0.3333333333333333
0.16666666666666666
0.0
0.0
0.0
0.0
0.0
0.0
0.0
0.0
0.0
0.09523809523809523
0.0
0.0
0.0
0.2
0.0
0.0
0.0
0.0
0.0
0.42857142857142855
0.0
0.21428571428571427
0.0
0.0
1.0
0.3333333333333333
0.0
0.0
0.0
0.0
0.0
0.0
0.0
0.6666666666666666
0.0
0.0
0.0
0.0
0.0
0.0
0.0
1.0
0.0
0.0
0.3333333333333333
0.0
0.0
0.3333333333333333
0.0
0.0
0.0
0.0
0.0
0.0
0.0
0.0
0.0
0.0
0.0
0.0
0.0
1.0
0.0
0.0
0.0
0.0
0.0
0.0
0.0
0.0
0.0
0.0
0.0
0.0
0.0
0.0
0.0
0.0
0.0
0.0
0.0
0.0
0.0
0.0
0.0
0.0
0.0
0.0
0.0
0.0
0.0
0.0
0.0
0.0
0.0
0.0
0.0
0.0
0.0
0.0
0.0
0.0
0.0
0.0
0.0
0.0
0.0
0.0
0.0
0.0
0.0
0.0
0.0
0.0
0.0
0.0
0.0
0.0
0.0
0.0
