0.01243818629278933
0.011449683883331957
0.010635438064985648
0.00895813536423036
0.0082716145612129
0.0076989353291095275
0.007999973619826435
0.00798185358429851
0.0073821597013474585
0.00705355999138899
0.007271628112021085
0.006298320033956026
0.006592517310422934
0.005919344099943863
0.006122173860852707
0.006345954727254139
0.005665349022336816
0.005512116994962001
0.0056289079994253826
0.0055578386080909785
0.00544855926302575
0.005508705365135647
0.0054455290928638244
0.0050512471066207956
0.005577763299759247
0.00537564672857034
0.005528855433712363
0.005145605886656322
0.005190175628298992
0.004958025415845105
0.004978221950199477
0.004900563607334647
0.005552180256872104
0.004973613712502406
0.005044620973704851
0.0045937374134246995
0.004585034953749131
0.0050003270851063045
0.004501869179489366
0.004379815366743152
0.004756691972414049
0.00411193943424853
0.005233996943388377
0.004513381717580641
0.004229520658550433
0.004386364542682262
0.00436328382476196
0.004311126260991927
0.004194598124475664
0.004216870102151742
0.003993479052586246
0.0040663702099389305
0.0038830468771736096
0.0039277989264693836
0.003985548076641394
0.0034928474483795816
0.0037088612000387073
0.0038522705893806377
0.0035120535014782637
0.0033697093471021893
0.003328795880087614
0.0036133827662192452
0.003228292595140677
0.0036324622467377326
0.003330256965508622
0.003366543577105756
0.0035147679427552612
0.0034085908052058187
0.0032189688587452333
0.0031663283646781995
0.003243422469020746
0.0032623608745769193
0.0031731728609041172
0.003274306657474077
0.003184919082383405
0.003178925023345446
0.0031408492281467916
0.0033291127510525313
0.003214083811213381
0.0031989247225763804
0.0030592030710787097
0.003446320705027361
0.00318671288208722
0.003152002024118332
0.0032823174853341833
0.003089490599051864
0.0029995528481043363
0.0030146491961916054
0.003109570743865661
0.0032059698761538152
0.003371336750041973
0.003403222303999202
0.003211412515547827
0.0033565975835541297
0.0036252209026674995
0.0033422196803022577
0.0031362047075383604
0.00322960188973635
0.003354236823374373
0.0031434504954097383
0.0032919307121612104
0.003013277412240595
0.0031188998866251262
0.003225653300976707
0.0031111682631990876
0.0032698674157765383
0.003170256884606931
0.003257404557129355
0.003031423005537177
0.003121793625740113
0.003138231591281247
0.003476611298191149
0.0031254121944245122
0.0031218370979921323
0.002980686710129603
0.0030025727400968165
0.0029276510938084383
0.0029943269492325865
0.0027846685975612844
0.003260931257654957
0.002888417656887006
0.0026813787517940726
0.0027496834028695066
0.002706054068019261
0.0027145683655917146
0.0026226971451358745
0.0025913907999833316
0.002617233448317216
0.00275342959825744
0.002848310970160582
0.0025116285331512325
0.002334139130897243
0.002602523082074252
0.0027670654947774573
0.0026697582016772204
0.0023309732306804674
0.002321509180975794
0.002180466764280656
0.0022528535569128014
0.0023390258957947754
0.002177170587477414
0.002089328178613327
0.001959560260534889
0.001953508096346138
0.0018484545703060821
0.0020491316866328006
0.0018353800587116247
0.001840511176996337
0.002072698066890506
0.0021373465259456365
0.001626436112180564
0.0019506411361513943
0.001638709318824425
0.0016386058579175248
0.0016408528970863884
0.0016239452839112562
0.001566437565283113
0.0015870636373617973
0.001601780537354211
0.0016227284401694037
0.0016395920680243757
0.0017538188264503984
0.0015348492702732823
0.0014914169331316659
0.001479162122242598
0.001539113084663212
0.001348255837505809
0.0014840578073041365
0.0013684483193093604
0.001243884021009182
0.001321005835677614
0.0016409549978855782
0.0012330459429046102
0.0012268486585749235
0.0011682287018394226
0.0012295996164170416
0.0013162242913847197
0.0012256104959943938
0.0012047993314862403
0.001216617414398487
0.0012753135730249792
0.0012369232864926348
0.0011755722782867501
0.0011517647709579455
0.0011820626895832436
0.0011883138675248134
0.001152779952058057
0.0011246767575818677
0.001104568283373819
0.0010383620970893653
0.0010839284065838368
0.0009352191307155736
0.001115669527941258
0.0009587963889808683
0.0009524517692744198
0.001015490447409547
0.0009747250055154556
0.0009416989301901261
0.000957178151432844
0.0009684610037777016
0.001168041269007668
0.0009327616918712337
0.0010643001974204758
0.0009090896589490155
0.000907407971328045
0.0009071197197925471
0.000895516039748512
0.0008747355797899072
0.0008749327946819763
0.0008652793206562845
0.0007769480492091019
0.0007256146703223511
0.0009482595870772422
0.0006986722141150578
0.0007148704087418128
0.0006637195385732449
0.0007280001670693107
0.0006073787835308582
0.0006177443909097417
0.0006934335687428258
0.0006009380959684184
0.0005662738627659017
0.0005366994099579531
0.0005353646625345332
0.0005546052749429852
0.0005362254933538995
0.0004947310758577475
0.0005604945760482427
0.000514469784366188
0.0006106314280934884
0.0004565254701247606
0.0004627153760737924
0.0004961630934877065
0.00046241300576556365
0.000456374954631897
0.00041967741947881955
0.0004305756833647994
0.00037935418304569187
0.00037776448808372345
0.0003788259715544517
0.000386891113952413
0.0004097198700137718
0.000380511099050987
0.0003796505348736013
0.0006490485423543456
0.0003794144891244822
0.00037866490682915345
0.00037952510078462085
0.0003434779096526087
0.000339472907824128
0.00030357323422526073
0.0003033439176722113
0.0003025715504297033
0.00026418123532241097
0.00026418123532241097
0.00026418123532241097
0.00026418123532241097
0.006952303457829099
0.007671517746195435
0.0063078035923270215
0.005680258727094181
0.004978785230881151
0.004388413099825693
0.004137043208721214
0.0031866102520338854
0.003224928579974079
0.003235709101917302
0.00343105000488813
0.003770750675178431
0.003432577969802047
0.0033676553159653314
0.003324473649650156
0.0030404879803462405
0.0025616943202695606
0.00272679103986893
0.002332663519549382
0.002427090847659866
0.002282063202357963
0.0019952485099248595
0.002382765110895636
0.0019664880408747825
0.0018540796321482957
0.001999399754691453
0.0018845550432532848
0.0018116925634411674
0.0017055466571512003
0.0019034468908560058
0.001542326289676848
0.0015593051064943604
0.0016538850891035775
0.001462067733637837
0.0013586785514538631
0.0013684073886833237
0.0011413437122622131
0.0012498969140787525
0.0015220636353052842
0.0013489953237152596
0.001180845359567736
0.001014231031430121
0.0009496289355066657
0.0009299602935354205
0.001234303276980741
0.0009313869947743311
0.0008376699469314952
0.0008808247754443685
0.0007493128691075956
0.0006806579527594859
0.0009400847253936875
0.0006490078021841276
0.0006081949231376298
0.0006048926734313443
0.0006165720602588422
0.0006086257992578432
0.0009206705588799875
0.000575413788916172
0.0005451982602722173
0.0005021256650444273
0.0004916370184611937
0.000459899727903441
0.0004530954881665591
0.0004462900428026227
0.0004602089611560659
0.00041899217444128306
0.0004135222338953888
0.000431704053775669
0.00038630439588744264
0.00037786229863771744
0.0004214494142914071
0.00036860402575250746
0.0003674253364326288
0.0002997152718470749
0.0002629329487464439
0.0002629329487464439
0.005517668300929759
0.0032883831767467277
0.0017109364780000449
0.00160379090069884
0.0011972184219407095
0.0012460836129685581
0.0009568032638243724
0.0009887570079004512
0.000962789332277664
0.0008259041321549361
0.0006841791987392042
0.0006598157869147508
0.0008996332878869578
0.0006616710698623968
0.0005674043021447722
0.0005666846524873011
0.0005267321672586874
0.0008739785675353222
0.0005773582946096361
0.0005020612156510425
0.000492349676875804
0.00041866801220864623
0.00041631474470217166
0.00043005578328137123
0.0004179288383986688
0.0004250694395446378
0.00039991268183382295
0.00037719010396572417
0.0003818502279008669
0.00034326959757306937
0.0003814364933107892
0.00034493251827623594
0.00033972984342261456
0.000304382707715062
0.00030075710373941465
0.0003037672595909503
0.00026532445283058796
0.00026532445283058796
0.00026532445283058796
0.00026532445283058796
0.001806199749290672
0.0017268104129914688
0.0015941590607751828
0.0011888616987172558
0.0014576710628792812
0.0007469370174018414
0.000697826400576494
0.0006552860775148367
0.0005669526206058602
0.0005345090714447355
0.0005779406961361503
0.000547128448382091
0.0004967041454010354
0.0005314334550962379
0.0004902748792025683
0.0004530728395307239
0.00037213307413570037
0.00033567704125041703
0.0003400313567405922
0.0003015295460630976
0.0002617316224038658
0.0002617316224038658
0.0002617316224038658
0.0029850717892825067
0.0023272529390453807
0.0021878605965040122
0.00116554355451006
0.0009915676027542372
0.0007551013005412109
0.0005991706680789187
0.0005455227641863794
0.0005221068835160867
0.0011117150231892534
0.0006527747361395731
0.0004935889374624094
0.0004979893868219323
0.0005090767942093278
0.00044889819556518854
0.0003766268744643237
0.00035334543762643967
0.0004218894303158405
0.00026238188844360667
0.00026238188844360667
0.00026238188844360667
0.0006937956438685326
0.0005759189947107506
0.0005245086019833804
0.0004116779636948673
0.0004331665612337984
0.00041341221096962463
0.00037626223061237537
0.00029892634773945944
0.00030132480897981695
0.00029683176868135555
0.001132605297529058
0.0008172652380449165
0.0006551654502438042
0.0006426047334066094
0.0003372190456904119
0.00036266640265991657
0.00030826141909426065
0.0002610846902745405
0.0011624703759529106
0.0009656438087706841
0.0007221876942184659
0.0006041027515970679
0.000492954812309045
0.0005295148203179217
0.00030015086562394536
0.000297991486166029
0.0003026114527972361
0.00026121356762876674
0.00026121356762876674
0.001125655433018417
0.0006773934451100181
0.0006410371254821642
0.0004972758829091918
0.00038547106960483857
0.0004648243046413332
0.0003365100151385956
0.0003004536946967822
0.00026114382965948665
0.001930605033844401
0.000986854559431115
0.000819935005602193
0.0005733785556459629
0.0002596649382566488
0.0011798866434194336
0.0006837607225205434
0.0008132439260671457
0.0005586480488139709
0.00037421753359305146
0.00041434283792492844
0.00025981674828548615
0.0005279564790014401
0.00045680318697950516
0.00046877524016117247
0.0003432072225221479
0.0004187920298276576
0.0003081264981431198
0.0003021931831967953
0.0003015764989143329
0.00026363757426547496
0.00026363757426547496
0.00026363757426547496
0.0009423622664632674
0.0007391763191362742
0.00041458400693043416
0.0003481309231896136
0.0003020061813398193
0.000262503614823691
0.000262503614823691
0.000262503614823691
0.0003333967630089956
0.0002588126545110117
0.000489226713065182
0.0002604908650554838
0.0003726460437432973
0.00033763370299320537
0.00026064055073566093
0.0005629433084841722
0.0007852762764261367
0.0005294463962903075
0.0004893036390954412
0.00043513451000673227
0.0003352773005626335
0.0003999846684054481
0.0002597893655266099
0.0005691660216334307
0.0002619699672820717
0.0002619699672820717
0.0004532243453046354
0.0004444344341972618
0.0003702038722009422
0.0002972386839831118
0.00040666443980812915
0.00033513109090947555
0.00029767709347373265
0.00040029829719503583
0.00034745465044210043
0.00029806320458507793
0.0006011827973822678
0.0005801743679372799
0.00041402617601068927
0.0003745868529285188
0.00030156051770079817
0.0002605352135489653
0.00038102147343741443
0.00030270257150285656
0.0002618199131511964
0.00038716983593476697
0.0003809437687125377
0.00030082088970295664
0.00026064385810293275
0.0005169235796395966
0.00030557430123121854
0.0002608227292086891
0.0004099951495357492
0.00041899884014543663
0.00026132542191638017
0.00045443228242353
0.0004168783770270318
0.00026174403815341967
0.00026096007017564516
0.000429649334841253
0.0003388785856640117
0.0003626938569492469
0.0002620452975058182
0.00029680895107579865
0.00041373415550253806
0.0003781610539423971
0.0003694062970013509
0.0005137993397164698
0.00034214420035812924
0.0003019916721456692
0.00045322990431794223
0.0004319975324177846
0.0002596781231554838
0.0004326809417735311
0.0003840322834728503
0.00026428050032448723
0.00026428050032448723
0.0003687628063211402
0.0002602947082115928
0.0002618637364949601
0.0003242484953812859
0.0003009093691505595
0.0002629795368939296
0.00025932636898759015
0.0005827694602610854
0.0004917291595621782
0.00046521846173263253
0.0002613891312829006
0.0004414727163000319
0.0002673715390336627
0.0002673715390336627
0.0002673715390336627
0.0002673715390336627
0.0002673715390336627
0.0005009795510804576
0.000260494090919279
0.0005352435567954935
0.000300964756040737
0.0002609275678669678
0.00030198610660022693
0.000457487838054028
0.000260274990155948
0.0003379631725293252
0.0002986810668290652
0.00026256503385786647
0.00026101384686031786
0.0002606942506488054
0.00030280191725715066
0.0003336659909304821
0.00030236243398604873
0.00031008362707453705
0.0003039156120206135
0.0003819764500591697
0.0002599711860091061
0.0002618638755676796
0.00029874432731817017
0.00030388052471761655
0.0002622591775986934
0.00026196602739986697
0.0003678228714752073
0.0003007480891246337
0.0002605098669085652
0.000339953240052933
0.0002612561546330971
0.00026164621019086806
0.0004618853288263554
0.00030883838036130753
0.00026619528330810847
0.00026619528330810847
0.00026194087004049197
0.0002617852574852147
0.0004085177899892321
0.0002616073820826555
0.00026305964675604174
0.00030578411286474595
0.00031230046786471984
0.00029851006721961164
0.00026209499736669047
0.00026048752835697926
0.0002614109659847303
0.0002610690928783947
0.00026069528507051534
0.00026148532482687974
0.0003103644273067453
0.000264503962274941
0.000264503962274941
0.00041741495378571654
0.00026069725193014477
0.0002621469815555038
0.0002990312984108484
0.00026203915998149565
0.0002655257122092169
0.0002612445370066902
0.00026391756971827734
0.00026391756971827734
0.0004550085612304266
0.0002650238764345907
0.00026564631116327697
0.0004604444216142706
0.0002641431149030001
0.0002643028110384895
0.00026329410007903584
0.0002651480567772723
0.00026338867340427227
0.0007195395484690543
0.0002699837858761225
0.0003095019151518181
0.0002650370833770422
0.0002692455571224545
0.0002706916281716873
0.0002676945931711258
0.0003330366143198017
0.00026782506505298564
0.0002654753122739242
0.0002654826442698695
0.0002679343223554813
0.00027867505095861974
0.00027867505095861974
0.0002767889709299717
0.0002880941644228339
0.0002751376875876281
0.00028488414241592227
0.0002894719002099477
0.0002993514149239249
0.0002920082966878088
0.00030113956063042264
0.00030631818881420237
0.0003410070507892706
0.0003410070507892706
0.0003157429305468735
0.0003594372525362794
0.00036080621344698727
0.0005288887291554121
0.0014858841010401188
0.0014858841010401188
