-0.4280913349892959
-0.3804762676509031
-0.3787435038596959
-0.31324472456242297
-0.2233672392175121
-0.48757273217205394
-0.5020070903397577
-0.43366387970704645
-0.42973856209150246
-0.41453214845791847
-0.5188459748720335
-0.62553787651356
-0.6566579634464752
-0.4974271012006878
-0.5238095238095237
-0.7185185185185186
-0.6799999999999988
-0.46666666666666634
-0.5000000000000018
0.021739130434783295
-0.33333333333333337
-0.6666666666666667
-1.0
0.0
0.0
-1.0
-1.0
0.0
-1.0
0.0
0.0
0.0
0.0
0.0
0.0
0.0
0.0
0.0
0.0
0.0
0.0
0.0
0.0
0.0
0.0
0.0
0.0
0.0
0.0
0.0
0.0
0.0
0.0
0.0
0.0
0.0
0.0
0.0
0.0
0.0
0.0
0.0
0.0
0.0
0.0
