0.7456392276839866
0.6750959786754767
0.7046994941932064
0.6563122624331589
0.6709237645710141
0.7197120227983231
0.7131650095935811
0.4624547410261696
0.3819940476190476
0.5906746031746031
0.5886446886446886
0.6971957671957671
0.6633333333333333
0.608095238095238
0.22916666666666666
0.3476190476190476
0.21428571428571427
0.3095238095238096
0.0
0.08333333333333333
0.0
0.0
0.0
0.0
0.0
0.0
0.0
0.0
0.0
0.0
0.0
0.0
0.0
0.0
0.0
0.0
0.0
0.0
0.0
0.0
0.0
0.0
0.0
0.0
0.0
0.0
0.0
0.0
0.0
0.0
0.0
0.0
0.0
0.0
0.0
0.0
0.0
0.0
0.0
0.0
0.0
0.0
0.0
0.0
0.0
