14.064102564102564
14.75
11.10909090909091
11.574468085106384
9.805555555555555
6.083333333333333
3.9047619047619047
3.4285714285714284
2.375
3.9375
3.6923076923076925
2.7333333333333334
2.8
2.8
1.375
1.5714285714285714
1.2857142857142858
1.2857142857142858
1.25
1.4
0.8333333333333334
0.7142857142857143
0.75
0.5
0.8
1.0
1.0
0.6666666666666666
1.0
0.6666666666666666
0.6666666666666666
0.0
0.0
1.0
1.0
0.0
1.0
1.0
0.0
0.0
1.0
0.0
1.0
1.0
1.0
0.0
0.0
1.0
1.0
0.0
0.0
0.0
0.0
0.0
1.0
0.0
1.0
1.0
1.0
0.0
0.0
0.0
0.0
1.0
0.0
