21.102564102564102
21.31578947368421
15.454545454545455
16.127659574468087
13.5
8.25
5.809523809523809
5.333333333333333
3.5
5.125
4.923076923076923
4.133333333333334
3.6
3.6
2.0
2.2857142857142856
1.7142857142857142
1.7142857142857142
1.5
1.8
1.3333333333333333
1.1428571428571428
1.0
0.5
0.8
1.3333333333333333
1.3333333333333333
0.6666666666666666
1.3333333333333333
0.6666666666666666
0.6666666666666666
0.0
0.0
1.0
1.0
0.0
1.0
1.0
0.0
0.0
1.0
0.0
1.0
1.0
1.0
0.0
0.0
1.0
1.0
0.0
0.0
0.0
0.0
0.0
1.0
0.0
1.0
1.0
1.0
0.0
0.0
0.0
0.0
1.0
0.0
