0.5594662400465403
0.6529651825434759
0.6353186007333267
0.6814024390243902
0.6715362865221489
0.6393884892086331
0.5101214574898786
0.5384615384615384
0.528169014084507
0.6444444444444445
0.6065573770491803
0.46551724137931033
0.5921052631578947
0.5571428571428572
0.4
0.35294117647058826
0.3
0.3333333333333333
0.0
0.21428571428571427
0.0
0.0
0.0
0.0
0.0
0.0
0.0
0.0
0.0
0.0
0.0
0.0
0.0
0.0
0.0
0.0
0.0
0.0
0.0
0.0
0.0
0.0
0.0
0.0
0.0
0.0
0.0
0.0
0.0
0.0
0.0
0.0
0.0
0.0
0.0
0.0
0.0
0.0
0.0
0.0
0.0
0.0
0.0
0.0
0.0
