0.6635322976287816
0.6560509554140127
0.6877296105804556
0.700750098697197
0.7089820359281437
0.7283950617283951
0.7188940092165899
0.72
0.7666666666666667
0.7302631578947368
0.7509727626459144
0.7316017316017316
0.7293233082706767
0.7482517482517482
0.7866666666666666
0.7538461538461538
0.7391304347826086
0.7333333333333333
0.7333333333333333
0.7230769230769231
0.7333333333333333
0.6923076923076923
0.8
0.8666666666666667
0.8
0.6666666666666666
0.6
0.7142857142857143
0.5555555555555556
0.7777777777777778
0.7777777777777778
1.0
1.0
0.6666666666666666
0.6666666666666666
1.0
0.6666666666666666
0.6
1.0
1.0
0.6
1.0
0.6
0.6
0.6
1.0
1.0
0.5
0.5
1.0
1.0
1.0
1.0
1.0
0.5
1.0
0.5
0.5
0.3333333333333333
1.0
1.0
1.0
1.0
0.3333333333333333
1.0
