10.551282051282051
10.657894736842104
7.7272727272727275
8.063829787234043
6.75
4.125
2.9047619047619047
2.6666666666666665
1.75
2.5625
2.4615384615384617
2.066666666666667
1.8
1.8
1.0
1.1428571428571428
0.8571428571428571
0.8571428571428571
0.75
0.9
0.6666666666666666
0.5714285714285714
0.5
0.25
0.4
0.6666666666666666
0.6666666666666666
0.3333333333333333
0.6666666666666666
0.3333333333333333
0.3333333333333333
0.0
0.0
0.5
0.5
0.0
0.5
0.5
0.0
0.0
0.5
0.0
0.5
0.5
0.5
0.0
0.0
0.5
0.5
0.0
0.0
0.0
0.0
0.0
0.5
0.0
0.5
0.5
0.5
0.0
0.0
0.0
0.0
0.5
0.0
