0.27405927405927405
0.28421052631578947
0.28619528619528617
0.3506012950971323
0.38571428571428573
0.358695652173913
0.2904761904761905
0.26666666666666666
0.23333333333333334
0.3416666666666667
0.41025641025641024
0.29523809523809524
0.4
0.4
0.2857142857142857
0.38095238095238093
0.2857142857142857
0.2857142857142857
0.21428571428571427
0.2
0.26666666666666666
0.19047619047619047
0.3333333333333333
0.16666666666666666
0.2
0.6666666666666666
0.6666666666666666
0.3333333333333333
0.6666666666666666
0.3333333333333333
0.3333333333333333
0.0
0.0
1.0
1.0
0.0
1.0
1.0
0.0
0.0
1.0
0.0
1.0
1.0
1.0
0.0
0.0
1.0
1.0
0.0
0.0
0.0
0.0
0.0
1.0
0.0
1.0
1.0
1.0
0.0
0.0
0.0
0.0
1.0
0.0
