0.780564263322884
0.7572463768115942
0.7448559670781894
0.7230046948356808
0.7037037037037037
0.7258064516129032
0.7292817679558011
0.7017543859649122
0.7167630057803468
0.6832298136645962
0.7044025157232705
0.7197452229299364
0.7096774193548387
0.6845637583892618
0.6944444444444444
0.704225352112676
0.6690647482014389
0.7173913043478262
0.6838235294117647
0.6846153846153846
0.6846153846153846
0.7322834645669292
0.6799999999999999
0.7154471544715447
0.6779661016949152
0.7083333333333333
0.6916666666666667
0.75
0.7394957983193278
0.6695652173913044
0.6666666666666667
0.6610169491525424
0.7264957264957265
0.7142857142857143
0.6666666666666667
0.7142857142857143
0.6548672566371682
0.6666666666666667
0.6272727272727272
0.7321428571428572
0.7363636363636363
0.5980392156862745
0.7169811320754718
0.6538461538461539
0.6666666666666667
0.6761904761904762
0.6699029126213591
0.7450980392156863
0.6176470588235294
0.7156862745098039
0.7216494845360825
0.6363636363636364
0.7040816326530612
0.5957446808510638
0.7052631578947368
0.7282608695652174
0.7
0.6813186813186813
0.7111111111111111
0.7444444444444445
0.6823529411764706
0.6395348837209303
0.6867469879518072
0.5783132530120482
0.7073170731707317
0.6785714285714286
0.641025641025641
0.6075949367088608
0.641025641025641
0.717948717948718
0.7012987012987013
0.7142857142857143
0.6025641025641026
0.6081081081081081
0.7142857142857143
0.6973684210526316
0.6103896103896104
0.6842105263157895
0.7333333333333334
0.6842105263157895
0.5753424657534247
0.6266666666666667
0.6351351351351351
0.6891891891891893
0.5733333333333333
0.6891891891891893
0.6133333333333333
0.72
0.6666666666666667
0.6027397260273972
0.6621621621621622
0.5945945945945945
0.7432432432432432
0.6891891891891893
0.7027027027027026
0.7162162162162162
0.6351351351351351
0.72
0.6712328767123288
0.7123287671232876
0.5972222222222222
0.6712328767123288
0.625
0.6527777777777778
0.5972222222222222
0.6712328767123288
0.6986301369863014
0.6986301369863014
0.7222222222222222
0.6351351351351351
0.6438356164383562
0.6666666666666667
0.6986301369863014
0.6388888888888888
0.6666666666666667
0.6621621621621622
0.6056338028169015
0.6164383561643836
0.6438356164383562
0.6486486486486487
0.6986301369863014
0.7162162162162162
0.6338028169014085
0.6849315068493151
0.6849315068493151
0.6428571428571428
0.6666666666666667
0.6376811594202898
0.7323943661971831
0.619718309859155
0.7323943661971831
0.6666666666666667
0.7101449275362319
0.7014925373134329
0.6666666666666667
0.7014925373134329
0.671875
0.7692307692307692
0.6875
0.6349206349206349
0.7142857142857143
0.6984126984126984
0.7258064516129032
0.576271186440678
0.6065573770491803
0.6779661016949152
0.7166666666666667
0.6166666666666667
0.7241379310344828
0.6206896551724138
0.728813559322034
0.7017543859649122
0.7272727272727273
0.6470588235294117
0.679245283018868
0.6981132075471699
0.5283018867924528
0.6111111111111112
0.7547169811320755
0.7358490566037736
0.64
0.7142857142857143
0.7346938775510203
0.6938775510204082
0.574468085106383
0.7234042553191489
0.6170212765957447
0.8222222222222222
0.5116279069767442
0.7045454545454546
0.7045454545454546
0.5952380952380952
0.5348837209302326
0.5121951219512195
0.7857142857142857
0.8048780487804879
0.7073170731707317
0.75
0.65
0.5897435897435898
0.7297297297297297
0.736842105263158
0.7631578947368421
0.736842105263158
0.631578947368421
0.5526315789473684
0.6666666666666667
0.7297297297297297
0.6486486486486487
0.7297297297297297
0.7222222222222222
0.6571428571428571
0.7352941176470589
0.8
0.7647058823529411
0.7428571428571429
0.6285714285714286
0.6
0.6470588235294117
0.6
0.7428571428571429
0.7428571428571429
0.8285714285714285
0.7058823529411764
0.7142857142857143
0.7058823529411764
0.6875
0.7272727272727273
0.75
0.71875
0.7666666666666666
0.7
0.7241379310344828
0.7037037037037037
0.6785714285714286
0.7037037037037037
0.7407407407407407
0.7307692307692308
0.7307692307692308
0.7307692307692308
0.72
0.5416666666666667
0.64
0.6799999999999999
0.5833333333333333
0.6799999999999999
0.72
0.6799999999999999
0.56
0.56
0.7083333333333333
0.6086956521739131
0.7083333333333333
0.6666666666666667
0.7083333333333333
0.7083333333333333
0.75
0.8333333333333334
0.7083333333333333
0.75
0.75
0.75
0.7391304347826086
0.75
0.6521739130434783
0.6956521739130435
0.7727272727272727
0.7142857142857143
0.6190476190476191
0.6
0.65
0.65
0.5789473684210527
0.5
0.5789473684210527
0.6666666666666667
0.6842105263157895
0.631578947368421
0.4375
0.7777777777777778
0.736842105263158
0.736842105263158
0.736842105263158
0.5263157894736843
0.8421052631578947
0.6666666666666667
0.736842105263158
0.736842105263158
0.6111111111111112
0.7894736842105263
0.5789473684210527
0.6842105263157895
0.7777777777777778
0.631578947368421
0.736842105263158
0.4117647058823529
0.6666666666666667
0.7222222222222222
0.7777777777777778
0.6470588235294117
0.7058823529411764
0.625
0.75
0.7333333333333334
0.6666666666666667
0.6666666666666667
0.5714285714285714
0.6428571428571428
0.6428571428571428
0.7142857142857143
0.6428571428571428
0.6923076923076923
0.6153846153846154
0.7692307692307692
0.6153846153846154
0.7692307692307692
0.6666666666666667
0.6363636363636364
0.6666666666666667
0.75
0.6666666666666667
0.75
0.6666666666666667
0.41666666666666663
0.75
0.75
0.5
0.7272727272727273
0.5454545454545454
0.6363636363636364
0.6
0.6
0.7
0.7
0.8
0.7
0.7
0.7
0.7
0.7
0.7
0.7
0.6
0.7
0.6666666666666667
0.6666666666666667
0.7777777777777778
0.6666666666666667
0.8888888888888888
0.2222222222222222
0.5555555555555556
0.8888888888888888
0.7777777777777778
0.6666666666666667
0.75
0.625
0.625
0.75
0.75
0.75
0.75
0.75
0.75
0.625
0.75
0.75
0.75
0.5
0.875
0.875
0.75
0.625
0.875
0.75
0.75
0.75
0.625
0.75
0.375
0.7142857142857143
0.7142857142857143
0.7142857142857143
0.7142857142857143
0.7142857142857143
0.8571428571428572
0.7142857142857143
0.5714285714285714
0.7142857142857143
0.7142857142857143
0.4285714285714286
0.5714285714285714
0.7142857142857143
0.8571428571428572
0.7142857142857143
0.5714285714285714
0.7142857142857143
0.4285714285714286
0.8571428571428572
0.5714285714285714
0.6666666666666667
0.6666666666666667
0.8333333333333334
0.6666666666666667
0.6666666666666667
0.8333333333333334
0.6666666666666667
0.6666666666666667
0.6666666666666667
0.6666666666666667
0.8333333333333334
0.6666666666666667
0.33333333333333337
0.5
0.6666666666666667
0.5
0.5
0.6666666666666667
0.6666666666666667
0.8
0.8
0.6
0.6
0.4
0.4
0.8
0.8
0.6
0.6
0.6
0.6
0.8
0.6
0.8
0.6
0.8
0.6
0.6
0.8
0.8
0.8
0.75
0.75
0.75
0.5
0.75
0.75
0.5
0.75
0.5
0.75
0.5
0.75
0.75
0.5
0.75
0.75
0.75
0.75
0.75
0.5
0.75
0.75
0.75
0.75
0.75
0.75
0.75
0.25
0.5
0.25
0.75
0.75
0.75
0.75
0.5
0.25
0.75
0.0
0.75
0.5
0.33333333333333337
0.0
0.0
0.0
0.0
0.6666666666666667
0.6666666666666667
0.6666666666666667
0.6666666666666667
0.6666666666666667
0.6666666666666667
0.0
0.6666666666666667
0.33333333333333337
0.6666666666666667
0.6666666666666667
0.6666666666666667
0.6666666666666667
0.0
0.0
0.6666666666666667
0.6666666666666667
0.6666666666666667
0.6666666666666667
0.33333333333333337
0.0
0.6666666666666667
0.0
0.6666666666666667
0.6666666666666667
0.6666666666666667
0.6666666666666667
0.6666666666666667
0.6666666666666667
0.6666666666666667
0.0
0.0
0.0
0.5
0.5
0.5
0.5
0.5
0.0
0.0
0.5
0.0
0.0
0.5
0.5
0.0
0.0
0.5
0.5
0.5
0.0
0.0
0.5
0.0
0.0
0.0
0.5
0.5
0.0
0.0
0.0
0.5
0.0
0.5
0.0
0.5
0.0
0.0
0.0
0.5
0.5
0.0
0.0
0.5
0.5
0.5
0.5
0.5
0.5
0.5
0.5
0.0
0.5
0.5
0.5
0.5
0.0
0.5
0.0
0.0
0.0
0.5
0.5
0.0
0.0
0.0
0.5
0.0
0.5
0.0
0.0
0.0
0.0
0.0
0.0
0.0
0.0
0.0
0.0
0.0
0.0
0.0
0.0
0.0
0.0
0.0
0.0
0.0
0.0
0.0
0.0
0.0
0.0
0.0
0.0
0.0
0.0
0.0
0.0
0.0
0.0
0.0
1.0
1.0
1.0
1.0
1.0
1.0
1.0
1.0
1.0
1.0
1.0
1.0
1.0
1.0
1.0
1.0
1.0
1.0
1.0
1.0
1.0
1.0
1.0
1.0
1.0
1.0
1.0
1.0
1.0
1.0
1.0
1.0
1.0
1.0
1.0
1.0
1.0
1.0
1.0
1.0
1.0
1.0
1.0
1.0
1.0
1.0
1.0
1.0
1.0
1.0
1.0
1.0
1.0
1.0
1.0
1.0
1.0
1.0
1.0
1.0
1.0
1.0
1.0
1.0
1.0
1.0
1.0
1.0
1.0
1.0
1.0
1.0
1.0
1.0
1.0
1.0
1.0
1.0
1.0
1.0
1.0
1.0
1.0
1.0
1.0
1.0
1.0
1.0
1.0
1.0
1.0
1.0
1.0
1.0
1.0
1.0
1.0
1.0
1.0
1.0
1.0
1.0
1.0
1.0
1.0
1.0
1.0
1.0
1.0
1.0
1.0
1.0
1.0
1.0
1.0
1.0
1.0
1.0
1.0
1.0
1.0
1.0
1.0
1.0
1.0
1.0
1.0
1.0
1.0
1.0
1.0
1.0
1.0
1.0
1.0
1.0
1.0
1.0
1.0
1.0
1.0
1.0
1.0
1.0
1.0
1.0
1.0
1.0
1.0
1.0
1.0
1.0
1.0
1.0
1.0
1.0
1.0
1.0
1.0
1.0
1.0
1.0
1.0
1.0
1.0
1.0
1.0
1.0
1.0
1.0
1.0
1.0
1.0
1.0
1.0
1.0
1.0
1.0
1.0
1.0
1.0
1.0
1.0
1.0
1.0
1.0
1.0
1.0
1.0
1.0
1.0
1.0
1.0
1.0
1.0
1.0
1.0
1.0
1.0
1.0
1.0
1.0
1.0
1.0
1.0
1.0
1.0
1.0
1.0
1.0
1.0
1.0
1.0
1.0
1.0
1.0
1.0
1.0
1.0
1.0
1.0
1.0
1.0
1.0
1.0
1.0
1.0
1.0
1.0
1.0
1.0
1.0
1.0
1.0
1.0
1.0
1.0
1.0
1.0
1.0
1.0
1.0
1.0
1.0
1.0
1.0
1.0
1.0
1.0
1.0
1.0
1.0
1.0
1.0
1.0
1.0
1.0
1.0
1.0
1.0
1.0
1.0
1.0
1.0
1.0
1.0
1.0
1.0
1.0
1.0
1.0
1.0
1.0
1.0
1.0
1.0
1.0
1.0
1.0
1.0
1.0
1.0
1.0
1.0
1.0
1.0
1.0
1.0
1.0
1.0
1.0
1.0
1.0
1.0
1.0
1.0
1.0
1.0
1.0
1.0
1.0
1.0
1.0
1.0
1.0
1.0
1.0
1.0
1.0
