0.023102484279215914
0.026043356072026458
0.02387633743697544
0.021753710913567592
0.01714553648336404
0.008445027774047391
0.005539254980497547
0.0051163966429358075
0.0026122673389659796
0.0038056188310570008
0.002984916317912653
0.0029172817701315777
0.0017259964869235191
0.0017193344115532204
0.0007725086737083387
0.0007758879873019684
0.0005844571136091147
0.0005846767689927007
0.0005846767689927007
0.0008741487714230258
0.00039087072060261
0.00039141141077759075
0.00019555605007250606
9.77176801506525e-05
0.00019555605007250606
0.0001961739817010555
0.00019628018869971244
9.814250814528024e-05
0.00019632605081276885
9.806526669171157e-05
9.806526669171157e-05
-3.862072678434009e-08
-3.862072678434009e-08
9.817388748579252e-05
9.817388748579252e-05
-3.862072678434009e-08
9.817388748579252e-05
9.820043923545675e-05
-6.03448856005314e-08
-3.862072678434009e-08
9.820043923545675e-05
-3.862072678434009e-08
9.820043923545675e-05
9.820043923545675e-05
9.820043923545675e-05
-6.03448856005314e-08
-3.862072678434009e-08
9.822216339427293e-05
9.822216339427293e-05
-2.17241588161913e-08
-2.17241588161913e-08
-3.862072678434009e-08
-3.862072678434009e-08
-2.17241588161913e-08
9.822216339427293e-05
-3.862072678434009e-08
9.822216339427293e-05
9.822216339427293e-05
9.823905996224108e-05
-2.17241588161913e-08
-2.17241588161913e-08
-2.17241588161913e-08
-2.17241588161913e-08
9.823905996224108e-05
-2.17241588161913e-08
