0.5
0.6666666666666667
0.5
0.6666666666666667
0.5
0.5
0.5
0.5
0.6666666666666667
0.5
0.5
0.5
0.5
0.5
0.5
0.5
0.5
0.5
0.5
0.5
0.5
0.5
0.5
0.5
0.5
0.6666666666666667
0.6666666666666667
0.5
0.5
0.6666666666666667
0.6666666666666667
0.6666666666666667
0.5
0.5
0.5
0.5
0.5
0.5
0.6666666666666667
0.5
0.5
0.5
0.6666666666666667
0.5
0.5
0.5
0.6666666666666667
0.5
0.5
0.5
0.5
0.5
0.5
0.6666666666666667
0.5
0.0
0.5
0.5
0.5
0.5
0.5
0.5
0.5
0.0
0.5
0.6666666666666667
0.5
0.5
0.5
0.6666666666666667
0.5
0.5
0.5
0.6666666666666667
0.5
0.5
0.5
0.5
0.5
0.5
0.6666666666666667
0.5
0.5
0.5
0.6666666666666667
0.6666666666666667
0.5
0.6666666666666667
0.5
0.6666666666666667
0.5
0.5
0.0
0.6666666666666667
0.5
0.5
0.5
0.5
0.5
0.5
0.6666666666666667
0.5
0.5
0.5
0.5
0.5
0.5
0.5
0.6666666666666667
0.5
0.6666666666666667
0.5
0.5
0.0
0.5
0.5
0.5
0.5
0.5
0.5
0.5
0.5
0.5
0.5
0.5
0.5
0.5
0.5
0.5
0.5
0.5
0.6666666666666667
0.5
0.6666666666666667
0.5
0.6666666666666667
0.6666666666666667
0.5
0.5
0.5
0.6666666666666667
0.6666666666666667
0.5
0.5
0.5
0.5
0.5
0.5
0.6666666666666667
0.5
0.5
0.5
0.0
0.5
0.5
0.6666666666666667
0.6666666666666667
0.5
0.5
0.5
0.5
0.5
0.5
0.0
0.5
0.5
0.5
0.6666666666666667
0.6666666666666667
0.5
0.5
0.6666666666666667
0.5
0.5
0.5
0.5
0.5
0.6666666666666667
0.6666666666666667
0.5
0.5
0.6666666666666667
0.5
0.5
0.5
0.5
0.6666666666666667
0.5
0.5
0.5
0.5
0.6666666666666667
0.6666666666666667
0.6666666666666667
0.6666666666666667
0.6666666666666667
0.6666666666666667
0.6666666666666667
0.6666666666666667
0.6666666666666667
0.6666666666666667
0.6666666666666667
0.75
0.6666666666666667
0.6666666666666667
0.6666666666666667
0.6666666666666667
0.6666666666666667
0.33333333333333337
0.6666666666666667
0.6666666666666667
0.6666666666666667
0.6666666666666667
0.6666666666666667
0.6666666666666667
0.6666666666666667
0.33333333333333337
0.6666666666666667
0.6666666666666667
0.6666666666666667
0.6666666666666667
0.6666666666666667
0.6666666666666667
0.6666666666666667
0.6666666666666667
0.33333333333333337
0.6666666666666667
0.33333333333333337
0.6666666666666667
0.6666666666666667
0.6666666666666667
0.6666666666666667
0.6666666666666667
0.6666666666666667
0.6666666666666667
0.33333333333333337
0.6666666666666667
0.6666666666666667
0.6666666666666667
0.6666666666666667
0.6666666666666667
0.6666666666666667
0.6666666666666667
0.33333333333333337
0.6666666666666667
0.6666666666666667
0.6666666666666667
0.6666666666666667
0.6666666666666667
0.6666666666666667
0.6666666666666667
0.6666666666666667
0.6666666666666667
0.6666666666666667
0.6666666666666667
0.6666666666666667
0.6666666666666667
0.6666666666666667
0.33333333333333337
0.6666666666666667
0.33333333333333337
0.33333333333333337
0.6666666666666667
0.6666666666666667
0.6666666666666667
0.6666666666666667
0.6666666666666667
0.6666666666666667
0.6666666666666667
0.6666666666666667
0.33333333333333337
0.6666666666666667
0.6666666666666667
0.6666666666666667
0.6666666666666667
0.6666666666666667
0.6666666666666667
0.6666666666666667
0.6666666666666667
0.6666666666666667
0.6666666666666667
0.6666666666666667
0.6666666666666667
0.6666666666666667
0.6666666666666667
0.6666666666666667
0.6666666666666667
0.6666666666666667
0.6666666666666667
0.6666666666666667
0.6666666666666667
0.0
0.6666666666666667
0.75
0.6666666666666667
0.6666666666666667
0.6666666666666667
0.6666666666666667
0.6666666666666667
0.5
0.75
0.5
0.75
0.75
0.5
0.75
0.5
0.75
0.5
0.5
0.5
0.5
0.5
0.75
0.75
0.5
0.75
0.5
0.5
0.75
0.5
0.5
0.5
0.75
0.5
0.75
0.5
0.5
0.5
0.5
0.5
0.75
0.75
0.5
0.75
0.5
0.75
0.5
0.5
0.75
0.5
0.5
0.5
0.75
0.75
0.5
0.75
0.5
0.75
0.75
0.75
0.5
0.5
0.5
0.5
0.5
0.75
0.5
0.75
0.5
0.75
0.75
0.75
0.75
0.75
0.75
0.75
0.75
0.75
0.75
0.5
0.75
0.5
0.5
0.75
0.75
0.75
0.5
0.75
0.5
0.75
0.75
0.5
0.5
0.5
0.75
0.75
0.5
0.5
0.75
0.6
0.6
0.8
0.6
0.8
0.6
0.6
0.8
0.6
0.6
0.6
0.8
0.6
0.6
0.6
0.6
0.6
0.6
0.6
0.6
0.6
0.8
0.6
0.6
0.6
0.8
0.6
0.6
0.6
0.6
0.8
0.6
0.6
0.6
0.6
0.6
0.6
0.8
0.6
0.6
0.6
0.6
0.6
0.6
0.4
0.8
0.8
0.8
0.6
0.6
0.5
0.6666666666666667
0.6666666666666667
0.6666666666666667
0.5
0.6666666666666667
0.5
0.5
0.6666666666666667
0.6666666666666667
0.6666666666666667
0.5
0.6666666666666667
0.6666666666666667
0.5
0.6666666666666667
0.6666666666666667
0.6666666666666667
0.6666666666666667
0.6666666666666667
0.5
0.5
0.6666666666666667
0.6666666666666667
0.6666666666666667
0.6666666666666667
0.6666666666666667
0.6666666666666667
0.6666666666666667
0.6666666666666667
0.6666666666666667
0.6666666666666667
0.5
0.6666666666666667
0.5
0.6666666666666667
0.6666666666666667
0.6666666666666667
0.6666666666666667
0.6666666666666667
0.6666666666666667
0.5
0.5
0.6666666666666667
0.6666666666666667
0.5
0.6666666666666667
0.7142857142857143
0.5714285714285714
0.5714285714285714
0.5714285714285714
0.5714285714285714
0.7142857142857143
0.7142857142857143
0.5714285714285714
0.5714285714285714
0.5714285714285714
0.7142857142857143
0.5714285714285714
0.5714285714285714
0.7142857142857143
0.7142857142857143
0.7142857142857143
0.5714285714285714
0.5714285714285714
0.5714285714285714
0.7142857142857143
0.5714285714285714
0.7142857142857143
0.5714285714285714
0.5714285714285714
0.7142857142857143
0.7142857142857143
0.5714285714285714
0.625
0.625
0.625
0.625
0.625
0.625
0.625
0.625
0.625
0.5
0.625
0.625
0.625
0.625
0.625
0.625
0.625
0.625
0.625
0.625
0.625
0.625
0.5
0.625
0.625
0.625
0.625
0.625
0.625
0.625
0.5
0.6666666666666667
0.5555555555555556
0.6666666666666667
0.5555555555555556
0.6666666666666667
0.6666666666666667
0.6666666666666667
0.5555555555555556
0.6666666666666667
0.6666666666666667
0.6666666666666667
0.6666666666666667
0.6666666666666667
0.6666666666666667
0.5555555555555556
0.5555555555555556
0.6666666666666667
0.6666666666666667
0.6666666666666667
0.6666666666666667
0.6666666666666667
0.6666666666666667
0.6666666666666667
0.5555555555555556
0.6666666666666667
0.6666666666666667
0.6
0.6
0.7
0.6
0.7
0.6
0.6
0.6
0.6
0.6
0.7
0.6
0.6
0.6
0.6
0.6
0.6
0.6363636363636364
0.5454545454545454
0.6363636363636364
0.6363636363636364
0.6363636363636364
0.6363636363636364
0.5454545454545454
0.6363636363636364
0.6363636363636364
0.6363636363636364
0.6363636363636364
0.6363636363636364
0.6363636363636364
0.6363636363636364
0.6363636363636364
0.6363636363636364
0.6363636363636364
0.6363636363636364
0.6363636363636364
0.6363636363636364
0.5833333333333333
0.5833333333333333
0.5833333333333333
0.5833333333333333
0.6666666666666667
0.5833333333333333
0.6666666666666667
0.5833333333333333
0.5833333333333333
0.5833333333333333
0.5833333333333333
0.5833333333333333
0.6153846153846154
0.6153846153846154
0.6153846153846154
0.6153846153846154
0.6923076923076923
0.6153846153846154
0.6153846153846154
0.6153846153846154
0.6153846153846154
0.6153846153846154
0.6428571428571428
0.5714285714285714
0.5714285714285714
0.6428571428571428
0.6428571428571428
0.6428571428571428
0.6428571428571428
0.6428571428571428
0.5714285714285714
0.5714285714285714
0.6428571428571428
0.6428571428571428
0.5714285714285714
0.6
0.6
0.6
0.6
0.6
0.6
0.6666666666666667
0.6
0.6
0.6
0.6666666666666667
0.6666666666666667
0.625
0.625
0.625
0.625
0.625
0.625
0.625
0.625
0.625
0.5882352941176471
0.5882352941176471
0.5882352941176471
0.6470588235294117
0.6470588235294117
0.6470588235294117
0.5882352941176471
0.6111111111111112
0.6111111111111112
0.6666666666666667
0.631578947368421
0.631578947368421
0.631578947368421
0.631578947368421
0.631578947368421
0.631578947368421
0.631578947368421
0.6
0.6
0.65
0.6
0.6
0.65
0.6
0.6
0.6
0.6190476190476191
0.6190476190476191
0.6363636363636364
0.5909090909090908
0.6363636363636364
0.6363636363636364
0.6363636363636364
0.6363636363636364
0.5909090909090908
0.6363636363636364
0.6363636363636364
0.6363636363636364
0.6086956521739131
0.6086956521739131
0.6086956521739131
0.625
0.625
0.625
0.625
0.625
0.64
0.64
0.6
0.64
0.6
0.6
0.64
0.64
0.6
0.64
0.6153846153846154
0.6538461538461539
0.6153846153846154
0.6538461538461539
0.5925925925925926
0.5925925925925926
0.5925925925925926
0.6296296296296297
0.5925925925925926
0.6296296296296297
0.6296296296296297
0.6296296296296297
0.6296296296296297
0.5925925925925926
0.6071428571428572
0.6428571428571428
0.6428571428571428
0.6206896551724138
0.6206896551724138
0.6206896551724138
0.6206896551724138
0.6206896551724138
0.6206896551724138
0.6206896551724138
0.6206896551724138
0.6206896551724138
0.6
0.6333333333333333
0.6333333333333333
0.6333333333333333
0.6
0.6
0.6129032258064516
0.6451612903225806
0.6129032258064516
0.59375
0.625
0.65625
0.6176470588235294
0.6176470588235294
0.6176470588235294
0.6
0.6
0.6111111111111112
0.6111111111111112
0.6111111111111112
0.6571428571428571
0.6216216216216216
0.6571428571428571
0.6216216216216216
0.6052631578947368
0.631578947368421
0.631578947368421
0.6486486486486487
0.625
0.625
0.6190476190476191
0.6190476190476191
0.6190476190476191
0.627906976744186
0.627906976744186
0.675
0.6046511627906976
0.6923076923076923
0.6046511627906976
0.627906976744186
0.6666666666666667
0.6136363636363636
0.627906976744186
0.6136363636363636
0.6222222222222222
0.6222222222222222
0.6590909090909092
0.6744186046511628
0.6086956521739131
0.6444444444444444
0.6444444444444444
0.6304347826086957
0.6382978723404256
0.6382978723404256
0.625
0.6382978723404256
0.6326530612244898
0.6122448979591837
0.6382978723404256
0.6326530612244898
0.6346153846153846
0.6226415094339622
0.6346153846153846
0.64
0.6599999999999999
0.6730769230769231
0.6481481481481481
0.6140350877192983
0.6206896551724138
0.6206896551724138
0.6271186440677966
0.6607142857142857
0.6190476190476191
0.6610169491525424
0.6666666666666667
0.640625
0.640625
0.6666666666666667
0.6875
0.6716417910447761
0.6388888888888888
0.6301369863013699
0.6388888888888888
0.6911764705882353
0.6571428571428571
0.6805555555555556
0.7183098591549295
0.6794871794871795
0.7297297297297297
0.675
0.6206896551724138
0.6222222222222222
0.6951219512195121
0.7341772151898734
0.6904761904761905
0.6210526315789473
0.7023809523809523
0.6145833333333333
0.62
0.63
0.6237623762376238
0.7032967032967032
0.7096774193548387
0.7415730337078652
0.7613636363636364
0.7052631578947368
0.6216216216216216
0.7156862745098039
0.6952380952380952
0.73
0.7326732673267327
0.7352941176470589
0.6696428571428572
0.6909090909090909
0.6209677419354839
0.7155963302752293
0.626984126984127
0.6220472440944882
0.7297297297297297
0.7043478260869565
0.6942148760330579
0.6159420289855073
0.619718309859155
0.72
0.7322834645669292
0.7067669172932332
0.6226415094339622
0.6211180124223603
0.6227544910179641
0.7412587412587412
0.7364864864864865
0.7320261437908497
0.7307692307692308
0.7718120805369127
0.6195652173913043
0.6744186046511628
0.6592178770949721
0.775
0.6176470588235294
0.7383720930232558
0.6213592233009708
0.7771084337349398
0.7485714285714286
0.618421052631579
0.772972972972973
0.6223175965665235
0.7587939698492463
0.7464114832535885
0.7399103139013453
0.7577092511013216
0.6691729323308271
0.7931034482758621
0.6225165562913908
0.7868852459016393
0.7657992565055762
0.6993243243243243
0.7455197132616487
0.6201780415430267
0.6595092024539877
0.6215469613259669
