0.7166666666666667
0.25790343915343916
0.07788845119177529
0.0
0.7041666666666666
1.0
0.9332584919911752
0.0
0.1985583931380755
0.0
0.0
0.760823620823621
0.8369630369630369
0.20506585612968592
0.8512723387723388
0.8191829004329004
0.0
0.738095238095238
0.0
0.0
0.0
0.0
0.0
0.0
0.0
0.8259268863842023
0.8860148737857717
0.7472938895428944
0.8571428571428571
0.9523809523809524
0.0
0.0
1.0
0.0
0.0
1.0
1.0
0.0
0.9428571428571427
0.0
0.0
0.0
0.0
0.7292857142857143
0.0
0.0
0.0
0.0
0.0
0.0
1.0
0.0
1.0
0.0
0.0
0.0
0.0
0.0
1.0
0.5833333333333333
0.0
0.0
0.0
1.0
0.0
