-0.43358395989974946
-0.23324246872160423
-0.21244900218896653
0.0
-0.6902887139107602
0.0
0.03718993679879048
0.0
-0.18581511069082515
0.0
0.0
-0.4128595600676815
-0.3511523451881312
-0.1959858963927311
-0.2704232135331923
-0.3933891992551193
0.0
-0.48958333333333237
0.0
0.0
0.0
0.0
0.0
0.0
0.0
-0.19320155254813542
0.005986664189470831
-0.356560381779992
-0.5639097744360904
-0.33333333333333337
0.0
0.0
0.0
0.0
0.0
0.0
0.0
0.0
-0.2665369649805504
-1.0
-1.0
0.0
0.0
-0.30924062214089704
0.0
0.0
0.0
0.0
0.0
0.0
0.0
0.0
0.0
0.0
0.0
0.0
0.0
0.0
0.0
-0.7142857142857142
0.0
0.0
0.0
0.0
-1.0
