0.4864864864864865
0.21081081081081082
0.10867492850333652
0.0
0.54
1.0
0.9606366686114353
0.0
0.19609967497291442
0.0
0.0
0.631578947368421
0.7596899224806202
0.18543046357615894
0.8907103825136612
0.6989869753979739
0.0
0.5
0.0
0.0
0.0
0.0
0.0
0.0
0.0
0.8330007674597084
0.9303482587064676
0.6214099216710183
0.7619047619047619
0.9473684210526315
0.0
0.0
1.0
0.0
0.0
1.0
1.0
0.0
0.9363057324840764
0.0
0.0
0.0
0.0
0.6492537313432836
0.0
0.0
0.0
0.0
0.0
0.0
1.0
0.0
1.0
0.0
0.0
0.0
0.0
0.0
1.0
0.6
0.0
0.0
0.0
1.0
0.0
