0.10344827586206896
0.6716417910447762
0.5370370370370371
0.5
0.9488117001828154
0.925
0.35752979414951247
0.75
0.21642969984202212
0.0
0.0
0.8521400778210116
0.8417721518987342
0.5702479338842975
0.8689895470383275
0.8643122676579925
0.5
0.08333333333333333
0.3333333333333333
0.0
0.5
0.0
0.0
0.0
0.0
0.035246727089627394
0.06036745406824147
0.8035882908404155
0.9457627118644067
0.9528857479387515
0.0
0.6
0.9630086313193588
0.75
0.3333333333333333
0.0
0.9644369178662151
0.0
0.9085963003264418
0.42857142857142855
0.42857142857142855
0.0
0.5
0.8407079646017699
0.0
0.5
0.0
0.0
0.7777777777777778
0.0
0.0
0.0
0.0
0.3333333333333333
0.0
0.9259259259259259
0.0
0.3333333333333333
0.9910044977511244
0.0
0.0
0.6
0.0
0.0
0.6666666666666666
