0.4642857142857143
0.15942028985507245
0.05263157894736842
1.0
0.5
1.0
0.7986531986531986
1.0
0.08258408258408259
1.0
1.0
0.5428571428571428
0.6410256410256411
0.07215541165587419
0.7833333333333333
0.6083333333333333
1.0
0.5238095238095238
1.0
1.0
1.0
1.0
1.0
1.0
1.0
0.7603174603174603
0.8523809523809524
0.49523809523809526
0.7619047619047619
0.9523809523809523
1.0
1.0
1.0
1.0
1.0
1.0
1.0
1.0
0.9333333333333333
0.6666666666666666
0.6666666666666666
1.0
1.0
0.6
1.0
1.0
1.0
1.0
1.0
1.0
1.0
1.0
1.0
1.0
1.0
1.0
1.0
1.0
1.0
0.6666666666666666
1.0
1.0
1.0
1.0
0.6666666666666666
