0.1428571428571429
0.75
0.0
0.5
0.9333333333333333
0.923728813559322
0.3648648648648649
0.75
0.0
0.0
0.0
0.75
0.8947368421052632
0.21052631578947367
0.19999999999999996
0.125
0.4
0.8421052631578947
0.5714285714285714
0.7142857142857143
0.8804347826086957
0.8395061728395061
0.9256198347107438
0.8666666666666667
0.375
0.36986301369863017
0.6666666666666667
0.0
0.30000000000000004
0.9210526315789473
0.5
0.33333333333333337
0.0
0.864406779661017
0.0
0.5
0.925
0.625
0.7142857142857143
0.0
0.0
0.0
0.855072463768116
0.8979591836734694
0.0
0.3733333333333333
0.34246575342465757
0.75
0.0
0.6444444444444444
0.0
0.47058823529411764
0.0
0.75
0.7777777777777778
0.0
0.10526315789473684
0.8181818181818181
0.8536585365853658
0.33333333333333337
0.5
0.02941176470588236
0.0
0.0
0.052631578947368474
0.36363636363636365
0.05714285714285716
0.8548387096774194
0.9473684210526316
0.9504132231404958
0.0
0.8846153846153846
0.6666666666666667
0.962962962962963
0.8888888888888888
0.6666666666666667
0.5
0.5
0.16666666666666663
0.7887323943661972
0.8571428571428572
0.6666666666666667
0.5
0.6363636363636364
0.36363636363636365
0.7592592592592593
0.0
0.9666666666666667
0.625
0.8
0.875
0.9618320610687023
0.30000000000000004
0.0
0.6153846153846154
0.5
0.9108910891089109
0.0
0.6666666666666667
0.040000000000000036
0.5555555555555556
0.0
0.0
0.0
0.6666666666666667
0.967741935483871
0.0
0.0
0.05714285714285716
0.0
0.3866666666666667
0.5
0.7142857142857143
0.5238095238095238
0.6428571428571428
0.8679245283018868
0.0
0.33333333333333337
0.08823529411764708
0.9134615384615384
0.8823529411764706
0.052631578947368474
0.8
0.33333333333333337
0.9090909090909091
0.8
0.3466666666666667
0.30000000000000004
0.7142857142857143
0.9636363636363636
0.5
0.33333333333333337
0.6666666666666667
0.0
0.9361702127659575
0.0
0.5
0.368421052631579
0.8360655737704918
0.625
0.75
0.33333333333333337
0.8163265306122449
0.6666666666666667
0.0
0.0
0.0
0.8648648648648649
0.3513513513513513
0.5
0.6666666666666667
0.0
0.6666666666666667
0.0
0.8
0.6666666666666667
0.9692307692307692
0.0
0.0
0.7058823529411764
0.25
0.8738738738738738
0.6296296296296297
0.0
0.0
0.10526315789473684
0.6842105263157895
0.8125
0.8484848484848485
0.3513513513513513
0.3466666666666667
0.33333333333333337
0.25
0.4
0.10526315789473684
0.0
0.19999999999999996
0.34246575342465757
0.5384615384615384
0.625
0.0
0.5
0.25
0.0
0.08823529411764708
0.873015873015873
0.5555555555555556
0.726027397260274
0.0
0.5
0.25
0.75
0.8309859154929577
0.2857142857142857
0.0
0.85
0.6666666666666667
0.0
0.9625
0.8333333333333334
0.5365853658536586
0.0
0.25
0.75
0.0
0.3421052631578947
0.85
0.25
0.9312977099236641
0.42105263157894735
0.6666666666666667
0.8333333333333334
0.4285714285714286
0.7777777777777778
0.0
0.8947368421052632
0.3918918918918919
0.0
0.0
0.0
0.868421052631579
0.0
0.0
0.33333333333333337
0.6666666666666667
0.5
0.5
0.9230769230769231
0.3513513513513513
0.9130434782608696
0.75
0.0
0.33783783783783783
0.8297872340425532
0.4
0.5
0.0
0.25
0.35526315789473684
0.6153846153846154
0.6666666666666667
0.7142857142857143
0.3513513513513513
0.12
0.3513513513513513
0.0
0.3648648648648649
0.8253968253968254
0.6666666666666667
0.7962962962962963
0.8860759493670887
0.8648648648648649
0.0
0.052631578947368474
0.5
0.0714285714285714
0.17647058823529416
0.09999999999999998
0.09999999999999998
0.9909502262443439
0.0
0.8448275862068966
0.0
0.5555555555555556
0.0
0.8723404255319149
0.0
0.0
0.6666666666666667
0.0
0.0
0.0
0.0
0.813953488372093
0.0
0.15000000000000002
0.625
0.3561643835616438
0.8918918918918919
0.040000000000000036
0.125
0.0
0.8941176470588236
0.9577464788732395
0.8064516129032258
0.02941176470588236
0.34246575342465757
0.10526315789473684
0.0
0.6666666666666667
0.8947368421052632
0.040000000000000036
0.0
0.8157894736842105
0.3733333333333333
0.0
0.9609375
0.18181818181818177
0.0
0.3783783783783784
0.0
0.7142857142857143
0.835820895522388
0.5833333333333333
0.04166666666666663
0.9384615384615385
0.125
0.7857142857142857
0.0
0.25
0.276595744680851
0.5714285714285714
0.8524590163934427
0.0
0.2222222222222222
0.8275862068965517
0.75
0.3466666666666667
0.16666666666666663
0.37037037037037035
0.4
0.5
0.9090909090909091
0.0
0.8214285714285714
0.0
0.0
0.5
0.0
0.33783783783783783
0.9516129032258065
0.884297520661157
0.6666666666666667
0.625
0.991869918699187
0.381578947368421
0.0
0.8125
0.8
0.8369565217391304
0.9615384615384616
0.5
0.875
0.0
0.3648648648648649
0.3466666666666667
0.3513513513513513
0.8
0.17391304347826086
0.8292682926829268
0.9621212121212122
0.0
0.3648648648648649
0.0
0.0
0.0
0.0
0.875
0.8653846153846154
0.0
0.8181818181818181
0.7631578947368421
0.0
0.24137931034482762
0.3513513513513513
0.8947368421052632
0.8
0.19999999999999996
0.0
0.8541666666666666
0.2666666666666667
0.7894736842105263
0.07999999999999996
0.3561643835616438
0.8709677419354839
0.0
0.0
0.8666666666666667
0.0
0.2857142857142857
0.5
0.8787878787878788
0.8793103448275862
0.3783783783783784
0.8301886792452831
0.0
0.7692307692307692
0.9666666666666667
0.125
0.07999999999999996
0.35526315789473684
0.33333333333333337
0.0
0.9203539823008849
0.0
0.0
0.6666666666666667
0.8518518518518519
0.5
0.5
0.6666666666666667
0.5
0.0
0.925
0.0
0.5
0.4285714285714286
0.0
0.04166666666666663
0.9181818181818182
0.0
0.0
0.9243697478991597
0.8676470588235294
0.0
0.0
0.0
0.0
0.3513513513513513
0.0
0.6
0.0
0.0
0.3783783783783784
0.9285714285714286
0.5833333333333333
0.5675675675675675
0.0
0.6666666666666667
0.6086956521739131
0.0
0.965034965034965
0.3513513513513513
0.35526315789473684
0.0
0.9631901840490797
0.9291338582677166
0.25
0.9224137931034483
0.3648648648648649
0.0
0.0
0.3648648648648649
0.9
0.0
0.2857142857142857
0.8735632183908046
0.6
0.375
0.5
0.6
0.8181818181818181
0.6666666666666667
0.8
0.9523809523809523
0.038461538461538436
0.8691588785046729
0.6666666666666667
0.8
0.7605633802816901
0.6666666666666667
0.0
0.5
0.6
0.33333333333333337
0.125
0.4285714285714286
0.0
0.0
0.25
0.0
0.25
0.46153846153846156
0.33333333333333337
0.0
0.8863636363636364
0.4
0.8333333333333334
0.9444444444444444
0.33333333333333337
0.0
0.8148148148148149
0.0
0.2222222222222222
0.04347826086956519
0.9326923076923077
0.75
0.52
0.0
0.8028169014084507
0.9368421052631579
0.0
0.8823529411764706
0.19999999999999996
0.11111111111111116
0.0
0.3513513513513513
0.75
0.0
0.3783783783783784
0.9647887323943662
0.052631578947368474
0.5
0.868421052631579
0.030303030303030276
0.0
0.0
0.41666666666666663
0.0
0.8852459016393442
0.41666666666666663
0.0
0.813953488372093
0.0
0.8541666666666666
0.9469026548672567
0.0
0.5
0.9519230769230769
0.8
0.961038961038961
0.8571428571428572
0.0
0.368421052631579
0.8571428571428572
0.0
0.2857142857142857
0.052631578947368474
0.8035714285714286
0.3561643835616438
0.9108910891089109
0.0
0.33333333333333337
0.0
0.75
0.0
0.9256198347107438
0.7222222222222222
0.08333333333333337
0.5833333333333333
0.21052631578947367
0.0
0.4
0.6
0.0
0.08333333333333337
0.0
0.8333333333333334
0.0
0.0
0.9642857142857143
0.7142857142857143
0.5
0.34246575342465757
0.0
0.8604651162790697
0.33783783783783783
0.0
0.8461538461538461
0.13636363636363635
0.8
0.75
0.7971014492753623
0.99
0.04166666666666663
0.05555555555555558
0.9607843137254902
0.0
0.9411764705882353
0.4444444444444444
0.0
0.052631578947368474
0.9620253164556962
0.0
0.0
0.0
0.36
0.33333333333333337
0.6666666666666667
0.9428571428571428
0.92
0.0
0.10526315789473684
0.9101123595505618
0.5882352941176471
0.875
0.6666666666666667
0.5
0.25
0.0
0.5
0.052631578947368474
0.0
0.5
0.33783783783783783
0.6
0.9512195121951219
1.0
1.0
1.0
1.0
1.0
1.0
1.0
1.0
1.0
1.0
1.0
1.0
1.0
1.0
1.0
1.0
1.0
1.0
1.0
1.0
1.0
1.0
1.0
1.0
1.0
1.0
1.0
1.0
1.0
1.0
1.0
1.0
1.0
1.0
1.0
1.0
1.0
1.0
1.0
1.0
1.0
1.0
1.0
1.0
1.0
1.0
1.0
1.0
1.0
1.0
1.0
1.0
1.0
1.0
1.0
1.0
1.0
1.0
1.0
1.0
1.0
1.0
1.0
1.0
1.0
1.0
1.0
1.0
1.0
1.0
1.0
1.0
1.0
1.0
1.0
1.0
1.0
1.0
1.0
1.0
1.0
1.0
1.0
1.0
1.0
1.0
1.0
1.0
1.0
1.0
1.0
1.0
1.0
1.0
1.0
1.0
1.0
1.0
1.0
1.0
1.0
1.0
1.0
1.0
1.0
1.0
1.0
1.0
1.0
1.0
1.0
1.0
1.0
1.0
1.0
1.0
1.0
1.0
1.0
1.0
1.0
1.0
1.0
1.0
1.0
1.0
1.0
1.0
1.0
1.0
1.0
1.0
1.0
1.0
1.0
1.0
1.0
1.0
1.0
1.0
1.0
1.0
1.0
1.0
1.0
1.0
1.0
1.0
1.0
1.0
1.0
1.0
1.0
1.0
1.0
1.0
1.0
1.0
1.0
1.0
1.0
1.0
1.0
1.0
1.0
1.0
1.0
1.0
1.0
1.0
1.0
1.0
1.0
1.0
1.0
1.0
1.0
1.0
1.0
1.0
1.0
1.0
1.0
1.0
1.0
1.0
1.0
1.0
1.0
1.0
1.0
1.0
1.0
1.0
1.0
1.0
1.0
1.0
1.0
1.0
1.0
1.0
1.0
1.0
1.0
1.0
1.0
1.0
1.0
1.0
1.0
1.0
1.0
1.0
1.0
1.0
1.0
1.0
1.0
1.0
1.0
1.0
1.0
1.0
1.0
1.0
1.0
1.0
1.0
1.0
1.0
1.0
1.0
1.0
1.0
1.0
1.0
1.0
1.0
1.0
1.0
1.0
1.0
1.0
1.0
1.0
1.0
1.0
1.0
1.0
1.0
1.0
1.0
1.0
1.0
1.0
1.0
1.0
1.0
1.0
1.0
1.0
1.0
1.0
1.0
1.0
1.0
1.0
1.0
1.0
1.0
1.0
1.0
1.0
1.0
1.0
1.0
1.0
1.0
1.0
1.0
1.0
1.0
1.0
1.0
1.0
1.0
1.0
1.0
1.0
1.0
1.0
1.0
1.0
1.0
1.0
1.0
1.0
1.0
1.0
1.0
1.0
1.0
1.0
1.0
1.0
1.0
1.0
1.0
