0.0012788731572833088
0.004161076130790643
0.013760618571636154
9.849304093996982e-05
0.0006532263325130304
0.0009388634326367453
0.08377488943173166
9.8376538575132e-05
0.023463379680595368
9.852216653117927e-05
9.852216653117927e-05
0.0041735297481652845
0.003957138741142046
0.007365665419130219
0.004263984125931444
0.004382751005485795
9.849304093996982e-05
0.001082452597299353
9.851003086817533e-05
9.852216653117927e-05
9.849304093996982e-05
9.852216653117927e-05
9.852216653117927e-05
9.852216653117927e-05
9.852216653117927e-05
0.04480349648062375
0.017284880640560295
0.007525331910140444
0.000731625142651078
0.00022115789545118568
9.852216653117927e-05
9.847119674656273e-05
-0.00011839795539903063
9.8376538575132e-05
9.851003086817533e-05
0.0009843478975755091
-0.0013161005171141928
9.852216653117927e-05
0.0020884772161324982
0.00019694482062572623
0.00019694482062572623
9.852216653117927e-05
9.849304093996982e-05
0.002381432121047588
9.852216653117927e-05
9.849304093996982e-05
9.852216653117927e-05
9.852216653117927e-05
9.83352773209186e-05
9.852216653117927e-05
0.0005908417432749811
9.852216653117927e-05
0.0002955082484111189
9.851003086817533e-05
9.852216653117927e-05
9.67624953956081e-05
9.852216653117927e-05
9.851003086817533e-05
-0.000784208970447146
0.0003939721637598793
9.852216653117927e-05
9.847119674656273e-05
9.852216653117927e-05
0.0002955082484111189
0.0001967142430286514
