0.7708333333333333
0.4898391812865497
0.17897418276874985
0.0
0.45535714285714285
1.0
0.6718055791266748
0.0
0.2450168316684153
0.0
0.0
0.72996336996337
0.7809856809856812
0.1604290322095473
0.7812201687201688
0.8322916666666667
0.0
0.7571428571428571
0.0
0.0
0.0
0.0
0.0
0.0
0.0
0.5614613763703481
0.6063488794691801
0.416441230726945
0.8285714285714284
0.9523809523809524
0.0
0.0
1.0
0.0
0.0
1.0
1.0
0.0
0.9416666666666667
0.0
0.0
0.0
0.0
0.8333333333333334
0.0
0.0
0.0
0.0
0.0
0.0
1.0
0.0
1.0
0.0
0.0
0.0
0.0
0.0
1.0
0.5833333333333333
0.0
0.0
0.0
1.0
0.0
