-0.5313283208020055
0.07883326763894254
-0.2481647238311806
0.0
-0.48404255319148964
0.0
0.00862367933343472
0.0
-0.10133772188369625
0.0
0.0
-0.2262263234579897
-0.11203897007655196
-0.0512581547064303
-0.23541501406216503
-0.23354214748873833
0.0
-0.2222222222222246
0.0
0.0
0.0
0.0
0.0
0.0
0.0
-0.05713592754931025
-0.12549665239819807
-0.03970954146143501
-0.43518518518518035
-0.33333333333333337
0.0
0.0
0.0
0.0
0.0
0.0
0.0
0.0
-0.20656634746921473
-1.0
-1.0
0.0
0.0
-0.3331640426612472
0.0
0.0
0.0
0.0
0.0
0.0
0.0
0.0
0.0
0.0
0.0
0.0
0.0
0.0
0.0
-0.7142857142857142
0.0
0.0
0.0
0.0
-1.0
