0.32432432432432434
0.17266187050359713
0.07221006564551423
0.0
0.3157894736842105
1.0
0.6847638868953638
0.0
0.1312803889789303
0.0
0.0
0.49146757679180886
0.5060240963855421
0.17757009345794392
0.7434620174346201
0.54
0.0
0.46153846153846156
0.0
0.0
0.0
0.0
0.0
0.0
0.0
0.5473684210526316
0.5614457831325301
0.3545966228893058
0.7222222222222222
0.9473684210526315
0.0
0.0
1.0
0.0
0.0
1.0
1.0
0.0
0.9297124600638977
0.0
0.0
0.0
0.0
0.6206896551724138
0.0
0.0
0.0
0.0
0.0
0.0
1.0
0.0
1.0
0.0
0.0
0.0
0.0
0.0
1.0
0.6
0.0
0.0
0.0
1.0
0.0
