0.16129032258064516
0.6962962962962963
0.5683890577507599
0.5
0.9675090252707581
0.926829268292683
0.5474725862530089
0.75
0.29541864139020535
0.0
0.0
0.8767650834403081
0.8957055214723927
0.6011080332409973
0.8891170431211499
0.8870370370370371
0.5
0.08333333333333333
0.3333333333333333
0.0
0.5
0.0
0.0
0.0
0.0
0.3459621136590229
0.42574257425742573
0.8586239396795476
0.9500831946755408
0.9536500579374276
0.0
0.6
0.9634146341463414
0.75
0.3333333333333333
0.0
0.964765100671141
0.0
0.9085963003264418
0.42857142857142855
0.42857142857142855
0.0
0.5
0.8546511627906976
0.0
0.5
0.0
0.0
0.7777777777777778
0.0
0.0
0.0
0.0
0.3333333333333333
0.0
0.9259259259259259
0.0
0.3333333333333333
0.9912152269399708
0.0
0.0
0.6
0.0
0.0
0.6666666666666666
