1.625
1.5
4.620689655172414
3.5833333333333335
2.5
1.5
2.857142857142857
3.5
2.0
3.7777777777777777
7.0
6.5
4.0
24.5
0.75
1.393939393939394
1.4
1.0
1.5
1.8181818181818181
2.0
2.0
9.333333333333334
0.5
1.5
9.0
1.5
2.3653846153846154
0.6666666666666666
0.5
2.4
0.5
1.0
1.0
0.5
0.5
0.5
0.5
0.6666666666666666
1.0
0.5
0.5
0.6666666666666666
0.6666666666666666
0.6666666666666666
0.5
0.5
0.6666666666666666
0.5
1.5714285714285714
0.5
0.5
0.5
0.5
0.5
1.0
0.5
0.5
0.5
0.5
0.5
0.5
1.0
0.5
0.5
0.5
0.5
0.5
0.5
0.5
0.5
0.5
0.75
0.6666666666666666
0.5
0.5
0.5
0.5
0.6666666666666666
0.5
0.5
0.5
0.5
0.5
0.5
0.5
0.5
