0.5
0.14855072463768115
0.05017543859649123
1.0
0.35714285714285715
1.0
0.5717171717171717
1.0
0.07625707625707626
1.0
1.0
0.49523809523809526
0.47435897435897434
0.06382978723404255
0.6833333333333333
0.5166666666666667
1.0
0.5238095238095238
1.0
1.0
1.0
1.0
1.0
1.0
1.0
0.5317460317460317
0.5666666666666667
0.3619047619047619
0.7142857142857143
0.9523809523809523
1.0
1.0
1.0
1.0
1.0
1.0
1.0
1.0
0.9333333333333333
0.6666666666666666
0.6666666666666666
1.0
1.0
0.5555555555555556
1.0
1.0
1.0
1.0
1.0
1.0
1.0
1.0
1.0
1.0
1.0
1.0
1.0
1.0
1.0
0.6666666666666666
1.0
1.0
1.0
1.0
0.6666666666666666
