0.0
0.75
0.5
0.5
0.9666666666666667
0.9243697478991597
0.6081081081081081
0.75
0.0
0.0
0.0
0.75
0.8947368421052632
0.5263157894736843
0.30000000000000004
0.625
0.0
0.736842105263158
0.7857142857142857
0.7142857142857143
0.8695652173913043
0.8518518518518519
0.9262295081967213
0.9466666666666667
0.375
0.5675675675675675
0.6666666666666667
0.0
0.30000000000000004
0.9210526315789473
0.5
0.0
0.0
0.8833333333333333
0.0
0.5
0.85
0.625
0.1428571428571429
0.0
0.0
0.0
0.8421052631578947
0.9183673469387755
0.0
0.6
0.6133333333333333
0.6666666666666667
0.31999999999999995
0.34693877551020413
0.125
0.6470588235294117
0.375
0.75
0.7777777777777778
0.0
0.3157894736842105
0.8909090909090909
0.8780487804878049
0.0
0.5
0.37142857142857144
0.0
0.0
0.42105263157894735
0.5949367088607596
0.3142857142857143
0.9375
0.9508196721311475
0.9512195121951219
0.0
0.8846153846153846
0.6666666666666667
0.9635036496350365
0.9111111111111111
0.6666666666666667
0.5
0.5
0.33333333333333337
0.8309859154929577
0.7142857142857143
0.5555555555555556
0.75
0.9090909090909091
0.2727272727272727
0.8888888888888888
0.0
0.967032967032967
0.625
0.8
0.9
0.9621212121212122
0.30000000000000004
0.0
0.6153846153846154
0.5
0.9108910891089109
0.25
0.6666666666666667
0.24
0.5555555555555556
0.5
0.0
0.37142857142857144
0.7777777777777778
0.9680851063829787
0.5
0.4736842105263158
0.3142857142857143
0.0
0.5866666666666667
0.5
0.4285714285714286
0.6666666666666667
0.8571428571428572
0.8363636363636364
0.0
0.25
0.4285714285714286
0.9134615384615384
0.8870967741935484
0.4736842105263158
0.8
0.11111111111111116
0.91
0.19999999999999996
0.5466666666666666
0.5
0.7142857142857143
0.9640718562874252
0.5
0.6666666666666667
0.6666666666666667
0.0
0.9680851063829787
0.0
0.5
0.5657894736842105
0.935483870967742
0.625
0.75
0.33333333333333337
0.8367346938775511
0.7777777777777778
0.0
0.0
0.0
0.8648648648648649
0.5135135135135135
0.625
0.6666666666666667
0.0
0.6666666666666667
0.0
0.875
0.8333333333333334
0.9846153846153847
0.368421052631579
0.0
0.8823529411764706
0.75
0.9051724137931034
0.4814814814814815
0.0
0.0
0.3157894736842105
0.9473684210526316
0.9090909090909091
0.85
0.6756756756756757
0.5714285714285714
0.33333333333333337
0.375
0.6666666666666667
0.3157894736842105
0.37142857142857144
0.4
0.5921052631578947
0.7692307692307692
0.75
0.0
0.5
0.0
0.0
0.4
0.9076923076923077
0.6666666666666667
0.8243243243243243
0.0
0.5
0.0
0.75
0.84
0.2857142857142857
0.5
0.7
0.6666666666666667
0.0
0.9627329192546584
0.6666666666666667
0.39534883720930236
0.0
0.375
0.5
0.0
0.5625
0.8833333333333333
0.25
0.9366197183098591
0.631578947368421
0.8333333333333334
0.8333333333333334
0.5714285714285714
0.8472222222222222
0.25
0.9210526315789473
0.5810810810810811
0.0
0.6
0.0
0.881578947368421
0.34285714285714286
0.1428571428571429
0.33333333333333337
0.6666666666666667
0.25
0.5
0.9230769230769231
0.6103896103896104
0.9032258064516129
0.5
0.0
0.6216216216216216
0.8723404255319149
0.7
0.0
0.0
0.25
0.5657894736842105
0.6923076923076923
0.6666666666666667
0.7142857142857143
0.5405405405405406
0.19999999999999996
0.5810810810810811
0.125
0.5810810810810811
0.9047619047619048
0.5
0.8703703703703703
0.8481012658227848
0.8378378378378378
0.0
0.42105263157894735
0.5
0.3571428571428571
0.23529411764705888
0.5
0.4
0.9911111111111112
0.0
0.8813559322033898
0.0
0.6666666666666667
0.0
0.8936170212765957
0.0
0.375
0.33333333333333337
0.0
0.0
0.0
0.34285714285714286
0.7954545454545454
0.0
0.35
0.875
0.527027027027027
0.8918918918918919
0.36
0.375
0.0
0.9176470588235294
0.971830985915493
0.8412698412698413
0.2857142857142857
0.5135135135135135
0.42105263157894735
0.0
0.6666666666666667
0.868421052631579
0.28
0.25
0.7894736842105263
0.6133333333333333
0.0
0.9612403100775194
0.4545454545454546
0.0
0.45945945945945943
0.0
0.5714285714285714
0.8656716417910448
0.8333333333333334
0.25
0.9538461538461538
0.125
0.7142857142857143
0.37142857142857144
0.25
0.23404255319148937
0.8095238095238095
0.921875
0.0
0.11111111111111116
0.8813559322033898
0.5
0.5128205128205128
0.16666666666666663
0.5555555555555556
0.6
0.0
0.9090909090909091
0.0
0.7857142857142857
0.0
0.0
0.5
0.0
0.5333333333333333
0.9838709677419355
0.896
0.6666666666666667
0.625
0.9921875
0.5324675324675325
0.0
0.90625
0.6
0.8387096774193549
0.9617834394904459
0.5
0.9305555555555556
0.0
0.4864864864864865
0.4933333333333333
0.44594594594594594
0.5
0.26086956521739135
0.9024390243902439
0.9624060150375939
0.4736842105263158
0.5810810810810811
0.0
0.42105263157894735
0.0
0.0
0.375
0.8962264150943396
0.0
0.791044776119403
0.8947368421052632
0.4736842105263158
0.24137931034482762
0.49350649350649356
0.8421052631578947
0.6
0.4
0.0
0.8958333333333334
0.4
0.8947368421052632
0.31999999999999995
0.527027027027027
0.9032258064516129
0.0
0.0
0.9245283018867925
0.0
0.2857142857142857
0.75
0.8787878787878788
0.8833333333333333
0.5135135135135135
0.9056603773584906
0.0
0.6153846153846154
0.967032967032967
0.375
0.31999999999999995
0.5064935064935066
0.33333333333333337
0.0
0.9203539823008849
0.0
0.4285714285714286
0.33333333333333337
0.9272727272727272
0.75
0.5
0.8888888888888888
0.5
0.0
0.925
0.0
0.5
0.7142857142857143
0.0
0.29166666666666663
0.9196428571428571
0.0
0.0
0.9243697478991597
0.9411764705882353
0.0
0.5
0.5
0.36
0.44594594594594594
0.0
0.6
0.0
0.0
0.5
0.9285714285714286
0.5
0.4864864864864865
0.75
0.8333333333333334
0.5652173913043479
0.33333333333333337
0.9652777777777778
0.5394736842105263
0.5125
0.0
0.9640718562874252
0.935251798561151
0.375
0.923728813559322
0.472972972972973
0.25
0.75
0.527027027027027
0.9
0.0
0.1428571428571429
0.8295454545454546
0.8
0.375
0.5
0.9
0.8636363636363636
0.5
0.6
0.9764705882352941
0.34615384615384615
0.9090909090909091
0.8333333333333334
0.8
0.8309859154929577
0.6666666666666667
0.6
0.5
0.8
0.6666666666666667
0.375
0.5714285714285714
0.0
0.19999999999999996
0.0
0.0
0.25
0.40476190476190477
0.33333333333333337
0.0
0.8409090909090909
0.7
0.875
0.8888888888888888
0.6666666666666667
0.0
0.8888888888888888
0.0
0.7777777777777778
0.29166666666666663
0.9626168224299065
0.75
0.6923076923076923
0.0
0.8108108108108107
0.9479166666666666
0.0
0.8823529411764706
0.0
0.1578947368421053
0.0
0.5324675324675325
0.75
0.0
0.527027027027027
0.9655172413793104
0.4736842105263158
0.5
0.8695652173913043
0.37142857142857144
0.0
0.0
0.5
0.0
0.8852459016393442
0.5833333333333333
0.0
0.7954545454545454
0.0
0.8979591836734694
0.9396551724137931
0.0
0.0
0.9428571428571428
0.7
0.9612903225806452
0.5714285714285714
0.5
0.5189873417721519
0.8928571428571429
0.0
0.2857142857142857
0.5263157894736843
0.8571428571428572
0.5540540540540541
0.9117647058823529
0.0
0.5
0.5
0.75
0.0
0.9274193548387096
0.45945945945945943
0.45833333333333337
0.6666666666666667
0.3157894736842105
0.0
0.6
0.6
0.5
0.41666666666666663
0.0
0.9
0.0
0.0
0.9642857142857143
0.7142857142857143
0.5
0.5405405405405406
0.0
0.9069767441860466
0.5921052631578947
0.0
0.8846153846153846
0.5348837209302326
0.8
0.75
0.8285714285714285
0.9900990099009901
0.41666666666666663
0.26315789473684215
0.941747572815534
0.2571428571428571
0.9418604651162791
0.2222222222222222
0.0
0.42105263157894735
0.9627329192546584
0.33333333333333337
0.34285714285714286
0.0
0.5454545454545454
0.5
0.5833333333333333
0.9439252336448598
0.88
0.0
0.42105263157894735
0.8902439024390244
0.8888888888888888
0.8333333333333334
0.33333333333333337
0.5
0.25
0.24
0.4838709677419355
0.3125
0.18181818181818177
0.5
0.5675675675675675
0.6
0.952
1.0
1.0
1.0
1.0
1.0
1.0
1.0
1.0
1.0
1.0
1.0
1.0
1.0
1.0
1.0
1.0
1.0
1.0
1.0
1.0
1.0
1.0
1.0
1.0
1.0
1.0
1.0
1.0
1.0
1.0
1.0
1.0
1.0
1.0
1.0
1.0
1.0
1.0
1.0
1.0
1.0
1.0
1.0
1.0
1.0
1.0
1.0
1.0
1.0
1.0
1.0
1.0
1.0
1.0
1.0
1.0
1.0
1.0
1.0
1.0
1.0
1.0
1.0
1.0
1.0
1.0
1.0
1.0
1.0
1.0
1.0
1.0
1.0
1.0
1.0
1.0
1.0
1.0
1.0
1.0
1.0
1.0
1.0
1.0
1.0
1.0
1.0
1.0
1.0
1.0
1.0
1.0
1.0
1.0
1.0
1.0
1.0
1.0
1.0
1.0
1.0
1.0
1.0
1.0
1.0
1.0
1.0
1.0
1.0
1.0
1.0
1.0
1.0
1.0
1.0
1.0
1.0
1.0
1.0
1.0
1.0
1.0
1.0
1.0
1.0
1.0
1.0
1.0
1.0
1.0
1.0
1.0
1.0
1.0
1.0
1.0
1.0
1.0
1.0
1.0
1.0
1.0
1.0
1.0
1.0
1.0
1.0
1.0
1.0
1.0
1.0
1.0
1.0
1.0
1.0
1.0
1.0
1.0
1.0
1.0
1.0
1.0
1.0
1.0
1.0
1.0
1.0
1.0
1.0
1.0
1.0
1.0
1.0
1.0
1.0
1.0
1.0
1.0
1.0
1.0
1.0
1.0
1.0
1.0
1.0
1.0
1.0
1.0
1.0
1.0
1.0
1.0
1.0
1.0
1.0
1.0
1.0
1.0
1.0
1.0
1.0
1.0
1.0
1.0
1.0
1.0
1.0
1.0
1.0
1.0
1.0
1.0
1.0
1.0
1.0
1.0
1.0
1.0
1.0
1.0
1.0
1.0
1.0
1.0
1.0
1.0
1.0
1.0
1.0
1.0
1.0
1.0
1.0
1.0
1.0
1.0
1.0
1.0
1.0
1.0
1.0
1.0
1.0
1.0
1.0
1.0
1.0
1.0
1.0
1.0
1.0
1.0
1.0
1.0
1.0
1.0
1.0
1.0
1.0
1.0
1.0
1.0
1.0
1.0
1.0
1.0
1.0
1.0
1.0
1.0
1.0
1.0
1.0
1.0
1.0
1.0
1.0
1.0
1.0
1.0
1.0
1.0
1.0
1.0
1.0
1.0
1.0
1.0
1.0
1.0
1.0
1.0
1.0
1.0
1.0
1.0
1.0
1.0
1.0
1.0
1.0
1.0
1.0
1.0
1.0
1.0
1.0
1.0
1.0
