0.0013408434598650377
0.003765505645805859
0.01272219629828797
9.589565139541608e-05
0.00025318476636653484
0.0008361419776900698
0.049281766879401626
9.578521494467281e-05
0.021046645172542965
9.592326050810192e-05
9.592326050810192e-05
0.003592292975093194
0.002571439131256814
0.006317839271084085
0.002955442775806936
0.003264206986769419
9.589565139541608e-05
0.0010539318615933831
9.591175671114948e-05
9.592326050810192e-05
9.589565139541608e-05
9.592326050810192e-05
9.592326050810192e-05
9.592326050810192e-05
9.592326050810192e-05
0.029818173010038234
0.011044151241394056
0.004700854067654253
0.000607950360582374
0.00020511500042113065
9.592326050810192e-05
9.587494456090173e-05
-0.00010804366097717723
9.578521494467281e-05
9.591175671114948e-05
0.0009584043317004445
-0.0012544844561431824
9.592326050810192e-05
0.0020944802058123144
0.00019175218988119394
0.00019175218988119394
9.592326050810192e-05
9.589565139541608e-05
0.0021260489254091596
9.592326050810192e-05
9.589565139541608e-05
9.592326050810192e-05
9.592326050810192e-05
9.574610203503457e-05
9.592326050810192e-05
0.0005752634719217533
9.592326050810192e-05
0.0002877145632989341
9.591175671114948e-05
9.592326050810192e-05
9.425520995000027e-05
9.592326050810192e-05
9.591175671114948e-05
-0.0007854815566709803
0.00038358260558166434
9.592326050810192e-05
9.587494456090173e-05
9.592326050810192e-05
0.0002877145632989341
0.00019153361773909785
