-0.4781297134238317
-0.3843889941667813
-0.4048370954905986
0.0
-0.6235294117647059
0.0
-0.046213007587052025
0.0
-0.2653739101860504
0.0
0.0
-0.42255722496722653
-0.5043225763875149
-0.4958458613163982
-0.36654390385733904
-0.48497295131236146
0.0
-0.5855855855855843
0.0
0.0
0.0
0.0
0.0
0.0
0.0
-0.18466789654924565
-0.17004561950705205
-0.1441450205921473
-0.5639097744360904
-0.33333333333333337
0.0
0.0
0.0
0.0
0.0
0.0
0.0
0.0
-0.33333333333333337
-1.0
-1.0
0.0
0.0
-0.6767346938775516
0.0
0.0
0.0
0.0
0.0
0.0
0.0
0.0
0.0
0.0
0.0
0.0
0.0
0.0
0.0
-0.7142857142857142
0.0
0.0
0.0
0.0
-1.0
