0.675
0.5513680033416876
0.25166594001483644
0.0
0.5875
1.0
0.9530300759106097
0.0
0.2815396176271603
0.0
0.0
0.7566063566063567
0.8935508935508936
0.26296408361489715
0.8396790709290709
0.8162698412698413
0.0
0.7571428571428571
0.0
0.0
0.0
0.0
0.0
0.0
0.0
0.8232457917219901
0.8842899732992612
0.6244201565630136
0.8571428571428571
0.9523809523809524
0.0
0.0
1.0
0.0
0.0
1.0
1.0
0.0
0.9416666666666667
0.0
0.0
0.0
0.0
0.8316666666666667
0.0
0.0
0.0
0.0
0.0
0.0
1.0
0.0
1.0
0.0
0.0
0.0
0.0
0.0
1.0
0.5833333333333333
0.0
0.0
0.0
1.0
0.0
