0.4666666666666667
0.20141342756183744
0.10854092526690391
0.0
0.6122448979591837
1.0
0.9678011885467315
0.0
0.1894940380277151
0.0
0.0
0.6157205240174672
0.7851239669421488
0.11052631578947368
0.8621700879765396
0.6719653179190751
0.0
0.5
0.0
0.0
0.0
0.0
0.0
0.0
0.0
0.8319926453688807
0.9260127217944426
0.5857142857142857
0.7619047619047619
0.9473684210526315
0.0
0.0
1.0
0.0
0.0
1.0
1.0
0.0
0.9333333333333333
0.0
0.0
0.0
0.0
0.5915492957746479
0.0
0.0
0.0
0.0
0.0
0.0
1.0
0.0
1.0
0.0
0.0
0.0
0.0
0.0
1.0
0.6
0.0
0.0
0.0
1.0
0.0
