0.10344827586206896
0.6666666666666666
0.5337423312883436
0.5
0.9486238532110092
0.9249374478732277
0.3567757641330809
0.75
0.21850079744816586
0.0
0.0
0.8451612903225807
0.8488188976377953
0.5734072022160664
0.8731707317073171
0.862708719851577
0.5
0.08333333333333333
0.3333333333333333
0.0
0.5
0.0
0.0
0.0
0.0
0.03510531594784353
0.06036745406824147
0.8020735155513666
0.9458544839255499
0.9528857479387515
0.0
0.6
0.9629629629629629
0.75
0.3333333333333333
0.0
0.9644970414201184
0.0
0.9084967320261438
0.42857142857142855
0.42857142857142855
0.0
0.5
0.8338278931750742
0.0
0.5
0.0
0.0
0.7777777777777778
0.0
0.0
0.0
0.0
0.3333333333333333
0.0
0.9259259259259259
0.0
0.3333333333333333
0.9910179640718563
0.0
0.0
0.6
0.0
0.0
0.6666666666666666
