1.75
1.5
4.758620689655173
3.5833333333333335
2.5
1.5
3.0714285714285716
3.5
2.0
3.6666666666666665
7.0
6.5
3.9
24.5
0.75
1.3333333333333333
1.4
1.5
1.5
1.9090909090909092
2.4444444444444446
2.0
12.666666666666666
0.5
1.5
9.0
1.5
2.423076923076923
0.6666666666666666
0.5
2.6
0.5
1.0
1.0
0.5
0.5
0.5
0.5
0.6666666666666666
1.0
0.5
0.5
0.6666666666666666
0.6666666666666666
0.6666666666666666
0.5
0.5
0.6666666666666666
0.5
1.5714285714285714
0.5
0.5
0.5
0.5
0.5
1.0
0.5
0.5
0.5
0.5
0.5
0.5
1.0
0.5
0.5
0.5
0.5
0.5
0.5
0.5
0.5
0.5
0.75
0.6666666666666666
0.5
0.5
0.5
0.5
0.6666666666666666
0.5
0.5
0.5
0.5
0.5
0.5
0.5
0.5
