0.4642857142857143
0.16304347826086957
0.05333333333333334
1.0
0.5
1.0
0.8006734006734006
1.0
0.08158508158508158
1.0
1.0
0.5714285714285714
0.6153846153846154
0.07123034227567067
0.7583333333333333
0.6166666666666667
1.0
0.5238095238095238
1.0
1.0
1.0
1.0
1.0
1.0
1.0
0.7634920634920634
0.8523809523809524
0.5
0.7619047619047619
0.9523809523809523
1.0
1.0
1.0
1.0
1.0
1.0
1.0
1.0
0.9333333333333333
0.6666666666666666
0.6666666666666666
1.0
1.0
0.6222222222222222
1.0
1.0
1.0
1.0
1.0
1.0
1.0
1.0
1.0
1.0
1.0
1.0
1.0
1.0
1.0
0.6666666666666666
1.0
1.0
1.0
1.0
0.6666666666666666
