0.0
0.6666666666666667
0.0
0.5
0.9333333333333333
0.9243697478991597
0.3648648648648649
0.75
0.0
0.0
0.0
0.75
0.8421052631578947
0.21052631578947367
0.30000000000000004
0.125
0.4
0.8421052631578947
0.6428571428571428
0.8571428571428572
0.8913043478260869
0.8395061728395061
0.9262295081967213
0.8533333333333333
0.25
0.3513513513513513
0.6666666666666667
0.0
0.30000000000000004
0.9210526315789473
0.5
0.33333333333333337
0.0
0.8666666666666667
0.0
0.5
0.85
0.5
0.7142857142857143
0.0
0.0
0.0
0.8507462686567164
0.8571428571428572
0.0
0.3466666666666667
0.34246575342465757
0.75
0.0
0.5319148936170213
0.0
0.7058823529411764
0.0
0.75
0.4444444444444444
0.0
0.1578947368421053
0.8727272727272728
0.8536585365853658
0.33333333333333337
0.5
0.05714285714285716
0.19999999999999996
0.0
0.0
0.37662337662337664
0.02941176470588236
0.8571428571428572
0.9487179487179487
0.9504132231404958
0.0
0.8846153846153846
0.6666666666666667
0.962962962962963
0.9111111111111111
0.6666666666666667
0.5
0.5
0.33333333333333337
0.8028169014084507
0.7142857142857143
0.5555555555555556
0.75
0.4545454545454546
0.2727272727272727
0.8518518518518519
0.0
0.9668508287292817
0.25
0.6
0.875
0.9621212121212122
0.4
0.0
0.46153846153846156
0.5
0.9108910891089109
0.25
0.6666666666666667
0.040000000000000036
0.6666666666666667
0.5
0.0
0.0
0.7777777777777778
0.9679144385026738
0.5
0.052631578947368474
0.05714285714285716
0.0
0.3733333333333333
0.5
0.5714285714285714
0.6190476190476191
0.7142857142857143
0.8490566037735849
0.0
0.33333333333333337
0.05714285714285716
0.9134615384615384
0.8833333333333333
0.0
0.8
0.2222222222222222
0.9191919191919192
0.8
0.36
0.4
0.5714285714285714
0.9636363636363636
0.5
0.8333333333333334
0.33333333333333337
0.0
0.9361702127659575
0.0
0.5833333333333333
0.381578947368421
0.8387096774193549
0.5
0.75
0.0
0.8571428571428572
0.5555555555555556
0.0
0.0
0.0
0.8513513513513513
0.3648648648648649
0.75
0.33333333333333337
0.0
0.6666666666666667
0.0
0.8
0.6666666666666667
0.9538461538461538
0.0
0.0
0.7647058823529411
0.25
0.8761061946902655
0.5925925925925926
0.0
0.0
0.1578947368421053
0.6842105263157895
0.7575757575757576
0.87
0.3513513513513513
0.36
0.4
0.25
0.5333333333333333
0.052631578947368474
0.02941176470588236
0.4
0.34246575342465757
0.7692307692307692
0.5
0.0
0.5
0.25
0.0
0.05714285714285716
0.8571428571428572
0.6666666666666667
0.8378378378378378
0.0
0.5
0.0
0.5
0.8571428571428572
0.4285714285714286
0.5
0.7
0.33333333333333337
0.0
0.9622641509433962
0.6666666666666667
0.45238095238095233
0.0
0.625
0.5
0.0
0.3466666666666667
0.8333333333333334
0.0
0.9296875
0.4736842105263158
0.5
0.8333333333333334
0.4285714285714286
0.7916666666666666
0.25
0.9078947368421053
0.3513513513513513
0.0
0.0
0.0
0.881578947368421
0.02941176470588236
0.0
0.33333333333333337
0.625
0.25
0.5
0.9230769230769231
0.35526315789473684
0.9130434782608696
0.75
0.0
0.33783783783783783
0.7659574468085106
0.4
0.5
0.0
0.25
0.368421052631579
0.6923076923076923
0.6666666666666667
0.5714285714285714
0.32432432432432434
0.07999999999999996
0.3561643835616438
0.1428571428571429
0.3513513513513513
0.7936507936507937
0.5
0.7777777777777778
0.8860759493670887
0.8918918918918919
0.0
0.052631578947368474
0.5
0.2857142857142857
0.05882352941176472
0.19999999999999996
0.09999999999999998
0.990909090909091
0.0
0.847457627118644
0.0
0.6111111111111112
0.0
0.8829787234042553
0.0
0.0
0.33333333333333337
0.0
0.0
0.0
0.02857142857142858
0.8292682926829268
0.0
0.15000000000000002
0.625
0.3513513513513513
0.8378378378378378
0.0
0.125
0.0
0.8941176470588236
0.9428571428571428
0.8253968253968254
0.05714285714285716
0.3513513513513513
0.10526315789473684
0.0
0.6666666666666667
0.8157894736842105
0.040000000000000036
0.0
0.7105263157894737
0.36
0.0
0.9609375
0.09090909090909094
0.0
0.3513513513513513
0.0
0.4285714285714286
0.791044776119403
0.5833333333333333
0.0
0.9538461538461538
0.125
0.7142857142857143
0.02941176470588236
0.25
0.23809523809523814
0.6190476190476191
0.84375
0.0
0.0
0.8275862068965517
0.75
0.3513513513513513
0.33333333333333337
0.37037037037037035
0.4
0.5
0.8947368421052632
0.0
0.75
0.0
0.0
0.5
0.0
0.3513513513513513
0.9516129032258065
0.884297520661157
0.6666666666666667
0.375
0.9919678714859438
0.368421052631579
0.0
0.84375
0.4
0.8817204301075269
0.9615384615384616
0.75
0.8472222222222222
0.0
0.3648648648648649
0.36
0.3513513513513513
0.7
0.21739130434782605
0.8292682926829268
0.9621212121212122
0.0
0.3513513513513513
0.0
0.0
0.0
0.0
0.75
0.854368932038835
0.0
0.8333333333333334
0.7105263157894737
0.0
0.24137931034482762
0.3513513513513513
0.8421052631578947
0.6
0.0
0.0
0.8541666666666666
0.19999999999999996
0.7894736842105263
0.040000000000000036
0.3648648648648649
0.8387096774193549
0.0
0.0
0.8640776699029127
0.0
0.4285714285714286
0.75
0.8484848484848485
0.8793103448275862
0.3513513513513513
0.8679245283018868
0.0
0.6923076923076923
0.9666666666666667
0.0
0.07999999999999996
0.36
0.33333333333333337
0.0
0.9203539823008849
0.0
0.0
0.33333333333333337
0.9272727272727272
0.5
0.5
0.5555555555555556
0.5
0.25
0.925
0.0
0.0
0.4285714285714286
0.0
0.04166666666666663
0.9189189189189189
0.0
0.0
0.923728813559322
0.8529411764705882
0.0
0.5
0.0
0.0
0.3783783783783784
0.0
0.7
0.0
0.0
0.3561643835616438
0.9285714285714286
0.5
0.5675675675675675
0.5
0.6666666666666667
0.5454545454545454
0.33333333333333337
0.9645390070921985
0.3513513513513513
0.35064935064935066
0.0
0.9631901840490797
0.928
0.25
0.923728813559322
0.3648648648648649
0.0
0.5
0.3648648648648649
0.8405797101449275
0.0
0.1428571428571429
0.8522727272727273
0.7
0.375
0.5
0.7777777777777778
0.8636363636363636
0.5
0.6
0.9523809523809523
0.07999999999999996
0.8679245283018868
0.8333333333333334
0.8
0.7887323943661972
0.33333333333333337
0.19999999999999996
0.5
0.19999999999999996
0.6666666666666667
0.08333333333333337
0.5714285714285714
0.0
0.4
0.0
0.0
0.25
0.6
0.0
0.0
0.8181818181818181
0.6
0.7916666666666666
0.9444444444444444
0.6666666666666667
0.0
0.8148148148148149
0.0
0.5555555555555556
0.04166666666666663
0.9514563106796117
0.375
0.3846153846153846
0.0
0.8333333333333334
0.9375
0.0
0.8823529411764706
0.0
0.052631578947368474
0.2857142857142857
0.3466666666666667
0.5
0.0
0.3835616438356164
0.9647887323943662
0.0
0.5
0.8771929824561404
0.02941176470588236
0.0
0.0
0.33333333333333337
0.0
0.8852459016393442
0.6666666666666667
0.0
0.8333333333333334
0.0
0.8865979381443299
0.9469026548672567
0.0
0.25
0.9428571428571428
0.6
0.9612903225806452
0.7142857142857143
0.5
0.368421052631579
0.8214285714285714
0.0
0.4285714285714286
0.05555555555555558
0.8035714285714286
0.3783783783783784
0.9108910891089109
0.0
0.5
0.0
0.75
0.0
0.9262295081967213
0.7567567567567568
0.08333333333333337
0.5833333333333333
0.2702702702702703
0.0
0.30000000000000004
0.6
0.5
0.04166666666666663
0.0
0.8333333333333334
0.0
0.0
0.9404761904761905
0.7142857142857143
0.5
0.3513513513513513
0.0
0.8837209302325582
0.36
0.33333333333333337
0.8461538461538461
0.13636363636363635
0.4
0.5
0.8285714285714285
0.9899497487437185
0.04166666666666663
0.05555555555555558
0.9509803921568627
0.0
0.9418604651162791
0.4444444444444444
0.0
0.052631578947368474
0.9615384615384616
0.0
0.0
0.0
0.35526315789473684
0.6666666666666667
0.6666666666666667
0.9611650485436893
0.86
0.0
0.10526315789473684
0.9090909090909091
0.5555555555555556
0.8333333333333334
0.33333333333333337
0.0
0.0
0.040000000000000036
0.6451612903225806
0.1578947368421053
0.040000000000000036
0.5
0.3561643835616438
0.8
0.9590163934426229
1.0
1.0
1.0
1.0
1.0
1.0
1.0
1.0
1.0
1.0
1.0
1.0
1.0
1.0
1.0
1.0
1.0
1.0
1.0
1.0
1.0
1.0
1.0
1.0
1.0
1.0
1.0
1.0
1.0
1.0
1.0
1.0
1.0
1.0
1.0
1.0
1.0
1.0
1.0
1.0
1.0
1.0
1.0
1.0
1.0
1.0
1.0
1.0
1.0
1.0
1.0
1.0
1.0
1.0
1.0
1.0
1.0
1.0
1.0
1.0
1.0
1.0
1.0
1.0
1.0
1.0
1.0
1.0
1.0
1.0
1.0
1.0
1.0
1.0
1.0
1.0
1.0
1.0
1.0
1.0
1.0
1.0
1.0
1.0
1.0
1.0
1.0
1.0
1.0
1.0
1.0
1.0
1.0
1.0
1.0
1.0
1.0
1.0
1.0
1.0
1.0
1.0
1.0
1.0
1.0
1.0
1.0
1.0
1.0
1.0
1.0
1.0
1.0
1.0
1.0
1.0
1.0
1.0
1.0
1.0
1.0
1.0
1.0
1.0
1.0
1.0
1.0
1.0
1.0
1.0
1.0
1.0
1.0
1.0
1.0
1.0
1.0
1.0
1.0
1.0
1.0
1.0
1.0
1.0
1.0
1.0
1.0
1.0
1.0
1.0
1.0
1.0
1.0
1.0
1.0
1.0
1.0
1.0
1.0
1.0
1.0
1.0
1.0
1.0
1.0
1.0
1.0
1.0
1.0
1.0
1.0
1.0
1.0
1.0
1.0
1.0
1.0
1.0
1.0
1.0
1.0
1.0
1.0
1.0
1.0
1.0
1.0
1.0
1.0
1.0
1.0
1.0
1.0
1.0
1.0
1.0
1.0
1.0
1.0
1.0
1.0
1.0
1.0
1.0
1.0
1.0
1.0
1.0
1.0
1.0
1.0
1.0
1.0
1.0
1.0
1.0
1.0
1.0
1.0
1.0
1.0
1.0
1.0
1.0
1.0
1.0
1.0
1.0
1.0
1.0
1.0
1.0
1.0
1.0
1.0
1.0
1.0
1.0
1.0
1.0
1.0
1.0
1.0
1.0
1.0
1.0
1.0
1.0
1.0
1.0
1.0
1.0
1.0
1.0
1.0
1.0
1.0
1.0
1.0
1.0
1.0
1.0
1.0
1.0
1.0
1.0
1.0
1.0
1.0
1.0
1.0
1.0
1.0
1.0
1.0
1.0
1.0
1.0
1.0
1.0
1.0
1.0
1.0
1.0
1.0
1.0
1.0
1.0
1.0
1.0
1.0
1.0
1.0
1.0
1.0
1.0
1.0
1.0
1.0
1.0
1.0
1.0
1.0
1.0
1.0
1.0
1.0
1.0
1.0
