0.0013750848733273334
0.004155192118055701
0.014202140000411976
9.834774243918818e-05
0.0006559775060902034
0.0009426282636543449
0.0841113936866325
9.823158368827575e-05
0.023430185628653483
9.837678212691629e-05
9.837678212691629e-05
0.004165762564388732
0.003660624456280247
0.007260384147056359
0.0038853916392957936
0.004292443362154643
9.834774243918818e-05
0.0010808571772401331
9.836468225702958e-05
9.837678212691629e-05
9.834774243918818e-05
9.837678212691629e-05
9.837678212691629e-05
9.837678212691629e-05
9.837678212691629e-05
0.044829667034038075
0.017165182757983552
0.00751823721429013
0.0007203294540956878
0.00022751627345380721
9.837678212691629e-05
9.83259626733921e-05
-0.00011587077400912319
9.823158368827575e-05
9.836468225702958e-05
0.0009828966306373197
-0.0013206112590973596
9.837678212691629e-05
0.0020795102584439283
0.00019665434532076153
0.00019665434532076153
9.837678212691629e-05
9.834774243918818e-05
0.002284842630447439
9.837678212691629e-05
9.834774243918818e-05
9.837678212691629e-05
9.837678212691629e-05
9.819044413066094e-05
9.837678212691629e-05
0.0005899702958842166
9.837678212691629e-05
0.00029507226700529267
9.836468225702958e-05
9.837678212691629e-05
9.662230099334318e-05
9.837678212691629e-05
9.836468225702958e-05
-0.0007879265872047885
0.00039339096975675274
9.837678212691629e-05
9.83259626733921e-05
9.837678212691629e-05
0.00029507226700529267
0.00019642444779291402
