246
221
200
186
180
180
165
160
154
156
56
36
131
121
163
158
104
95
85
121
123
142
132
131
128
143
135
127
118
116
121
120
114
113
119
121
119
116
107
104
96
94
79
99
60
114
105
102
94
84
65
105
26
111
55
114
92
110
77
87
75
68
49
45
40
37
70
113
104
65
30
104
101
101
99
92
89
85
71
76
61
92
5
84
62
18
76
72
74
69
71
81
76
75
76
77
76
75
74
74
74
3
74
76
74
73
75
3
75
74
76
74
75
73
74
74
74
3
74
75
74
74
74
73
74
76
74
74
76
73
74
74
73
75
74
73
74
75
74
73
74
7
74
73
27
71
66
62
60
58
50
48
43
40
38
74
38
62
59
54
53
34
73
72
71
71
67
63
61
57
49
41
40
38
38
38
28
28
54
61
24
17
9
69
54
37
47
63
54
44
58
41
53
43
32
32
33
24
22
19
43
45
17
10
9
9
8
2
47
38
29
20
23
15
12
10
9
4
4
4
2
1
39
1
12
41
8
7
6
6
6
5
5
4
19
1
18
12
10
8
4
5
2
1
1
25
20
8
8
1
22
19
18
18
19
31
19
26
36
21
17
19
13
12
19
9
8
6
5
4
34
35
35
23
35
34
34
25
24
24
24
24
34
34
34
10
19
6
26
24
33
34
25
24
1
34
24
24
34
37
6
6
24
25
34
25
32
24
19
14
9
9
24
3
25
7
9
2
2
27
18
13
2
11
1
8
1
13
8
6
5
1
25
25
6
23
25
25
4
3
17
15
14
8
2
4
4
1
1
21
15
16
11
7
4
4
4
12
8
5
20
13
6
5
19
19
19
8
1
19
19
19
19
18
19
19
14
10
19
12
2
11
4
12
8
7
4
10
7
5
10
10
19
9
14
8
7
4
2
2
1
10
12
7
1
1
1
12
7
1
10
6
4
4
12
8
6
7
3
2
9
5
10
2
3
1
8
8
6
7
8
5
5
2
1
4
4
8
7
10
5
7
8
1
6
3
2
7
3
1
1
3
5
8
12
7
7
7
4
7
2
4
8
10
4
1
1
8
1
5
7
2
3
3
3
7
4
2
5
1
13
14
3
3
1
6
3
4
1
2
6
4
3
2
3
2
4
4
4
4
4
3
3
4
5
3
4
4
3
1
5
4
5
3
4
4
4
3
1
3
2
3
3
5
1
1
3
1
3
2
3
2
2
2
2
2
2
1
1
2
1
2
1
2
2
2
2
2
2
2
4
2
2
1
1
1
1
1
1
1
1
1
2
1
1
1
2
2
2
1
1
1
1
1
1
1
1
1
1
1
1
1
1
1
1
1
1
1
1
1
1
2
2
1
1
1
1
1
1
239
133
1
6
205
8
1
1
2
1
1
1
1
1
1
1
1
1
5
1
1
1
6
1
8
1
1
1
1
1
1
1
2
1
1
1
1
1
1
5
2
2
3
1
2
1
1
1
1
2
1
1
1
1
1
1
1
3
6
10
1
1
1
2
1
1
3
1
1
1
3
6
1
1
1
1
1
2
3
1
1
1
2
1
1
2
1
1
1
1
1
1
1
1
4
1
1
1
1
1
2
1
1
1
1
2
1
1
1
1
7
1
1
1
1
1
1
1
1
1
1
2
1
1
1
3
2
2
1
1
1
1
1
1
1
1
1
1
2
1
1
2
1
1
1
1
1
1
1
1
1
1
1
1
1
1
1
1
1
1
2
2
1
1
1
1
1
2
1
1
1
1
1
1
1
1
1
1
2
1
1
1
1
1
1
1
1
1
1
1
1
1
3
1
1
1
1
1
1
1
1
1
1
1
1
1
1
2
1
1
1
1
1
1
1
1
1
1
1
1
1
1
1
1
1
1
1
1
1
1
1
1
1
1
1
1
1
1
2
1
1
1
1
1
1
1
1
1
1
1
1
1
1
1
1
1
1
1
1
1
1
1
1
1
1
1
1
1
1
1
1
1
1
1
1
1
1
1
1
1
1
1
1
1
1
1
1
1
1
2
1
1
1
1
1
1
1
1
1
1
1
1
1
1
1
1
1
