67
67
67
67
67
67
67
67
67
67
41
30
67
67
50
50
50
50
50
50
50
50
50
50
50
50
50
67
67
67
67
67
66
67
67
50
50
50
50
50
50
50
50
50
46
67
67
67
67
63
50
50
25
50
48
50
50
50
50
50
48
48
39
35
33
32
48
50
50
48
28
50
50
50
50
50
50
50
50
49
48
50
5
50
46
14
50
49
50
50
50
50
67
67
67
67
67
67
67
67
67
3
67
67
67
67
67
3
67
67
67
67
67
67
67
67
67
3
67
67
67
67
67
67
67
67
67
67
67
67
67
67
67
67
67
67
67
67
67
67
67
6
67
67
26
50
48
48
48
48
43
41
41
36
36
67
34
50
49
46
46
34
49
50
50
50
50
49
50
48
44
37
37
35
34
33
26
26
47
50
23
16
9
50
48
35
44
50
48
39
48
41
37
33
27
28
26
23
21
19
33
28
11
7
7
7
8
2
9
9
8
8
16
8
7
7
7
4
4
4
2
1
17
1
7
22
8
7
5
6
5
5
5
3
10
1
10
10
9
7
4
5
2
1
1
16
7
7
8
1
16
16
16
16
16
28
16
25
25
14
11
16
10
10
8
7
6
5
4
3
22
22
22
8
22
22
22
22
22
22
22
22
22
22
22
10
16
5
22
22
22
22
22
22
1
22
22
22
22
17
4
6
22
22
22
22
17
16
13
9
7
6
22
3
22
5
8
2
2
17
12
9
1
7
1
6
1
11
7
6
4
1
22
22
6
22
22
22
4
3
7
7
7
6
2
4
4
1
1
14
8
7
6
5
4
3
4
8
7
4
15
11
6
5
16
16
16
6
1
16
16
16
16
16
16
16
12
6
16
10
2
7
4
9
6
7
3
7
6
4
9
8
16
8
11
7
7
4
2
2
1
7
10
6
1
1
1
7
7
1
8
6
3
4
10
7
5
7
3
2
7
5
7
2
3
1
7
7
6
6
7
4
4
2
1
3
4
8
6
6
5
6
8
1
6
3
2
6
3
1
1
3
5
6
7
6
7
6
3
7
2
3
6
9
4
1
1
7
1
3
3
2
3
3
3
6
4
2
4
1
12
12
3
3
1
5
3
4
1
2
3
3
3
2
2
2
4
4
4
4
4
3
3
3
3
2
4
3
3
1
4
3
3
3
3
4
4
2
1
2
2
3
3
5
1
1
2
1
2
2
2
2
2
2
2
2
1
1
1
1
1
1
1
2
2
2
2
2
1
1
3
1
2
1
1
1
1
1
1
1
1
1
1
1
1
1
2
1
1
1
1
1
1
1
1
1
1
1
1
1
1
1
1
1
1
1
1
1
1
1
1
2
2
1
1
1
1
1
1
50
50
1
5
50
6
1
1
2
1
1
1
1
1
1
1
1
1
4
1
1
1
6
1
8
1
1
1
1
1
1
1
2
1
1
1
1
1
1
4
2
2
3
1
2
1
1
1
1
1
1
1
1
1
1
1
1
3
6
9
1
1
1
2
1
1
3
1
1
1
2
6
1
1
1
1
1
2
3
1
1
1
2
1
1
2
1
1
1
1
1
1
1
1
4
1
1
1
1
1
2
1
1
1
1
1
1
1
1
1
6
1
1
1
1
1
1
1
1
1
1
2
1
1
1
3
2
1
1
1
1
1
1
1
1
1
1
1
2
1
1
2
1
1
1
1
1
1
1
1
1
1
1
1
1
1
1
1
1
1
1
2
1
1
1
1
1
1
1
1
1
1
1
1
1
1
1
1
2
1
1
1
1
1
1
1
1
1
1
1
1
1
3
1
1
1
1
1
1
1
1
1
1
1
1
1
1
2
1
1
1
1
1
1
1
1
1
1
1
1
1
1
1
1
1
1
1
1
1
1
1
1
1
1
1
1
1
1
2
1
1
1
1
1
1
1
1
1
1
1
1
1
1
1
1
1
1
1
1
1
1
1
1
1
1
1
1
1
1
1
1
1
1
1
1
1
1
1
1
1
1
1
1
1
1
1
1
1
1
2
1
1
1
1
1
1
1
1
1
1
1
1
1
1
1
1
1
