0.2542558486809358
0.30501851090086385
0.34251256281407033
0.3805870386515548
0.40931098696461826
0.4014276846679081
0.43584626755358463
0.4440251572327044
0.46702317290552586
0.43672456575682383
0.5558441558441558
0.5619047619047619
0.5040516735173224
0.5717630853994491
0.35363175035976674
0.3611223091187616
0.46191187453323374
0.4718924972004479
0.5240896358543418
0.4450413223140496
0.4368919099027056
0.4653880731195685
0.482882257691418
0.48396946564885496
0.5121801181102362
0.4579927115138383
0.48446655610834716
0.5344331958505187
0.5710560625814863
0.5956521739130435
0.5509641873278237
0.546078431372549
0.5478962893960565
0.5685840707964602
0.543939609742202
0.5568870523415977
0.5745620282011109
0.5848575712143929
0.606771292540998
0.6230395817774459
0.6655701754385965
0.6357812857469687
0.6429730606945797
0.4735106163677592
0.607909604519774
0.5398230088495575
0.5868131868131868
0.5938652688798292
0.6403568977350721
0.6483075157773953
0.5740384615384615
0.5851648351648352
0.7784615384615384
0.6068796068796068
0.7333333333333333
0.4753920198726906
0.5188724319159101
0.5889908256880734
0.6859193438140807
0.5624164661855119
0.5513513513513514
0.5711150131694469
0.5748299319727891
0.6
0.558974358974359
0.6531531531531531
0.5142857142857142
0.4718710493046776
0.4830097087378641
0.5653846153846154
0.5448275862068965
0.5746825989544436
0.6247524752475248
0.6079207920792079
0.6037930323644609
0.6485905398948877
0.6189989785495403
0.6173669467787115
0.6430583501006036
0.5547368421052632
0.719672131147541
0.6321070234113713
0.4
0.525530694205393
0.5161290322580645
0.3202614379084967
0.6143859649122807
0.6118935837245696
0.6153276564235468
0.670076726342711
0.6676056338028169
0.6663580246913581
0.9207017543859649
0.9398198198198198
0.9326315789473684
0.9145591250854409
0.9417543859649122
0.9524324324324325
0.9640873750462792
0.9155868196964088
0.9037393557941503
1.0
0.9640873750462792
0.9052631578947369
0.9681599407626805
0.9809741248097412
0.9117117117117117
1.0
0.8922522522522522
0.9622362088115513
0.9143859649122807
0.9463161791928916
0.9427027027027027
0.9162861491628614
0.8867086264346539
0.9403924472417623
0.9378008145131432
1.0
0.9381710477600889
0.9264864864864865
0.9559422436134765
0.9237319511292114
0.9385412810070344
0.9448249619482496
0.9444650129581637
0.9084210526315789
0.9392817475009256
0.87782302850796
0.9122807017543859
0.9554794520547946
0.9555720103665309
0.9111440207330618
0.9531963470319634
0.9023423423423423
0.8852276934468716
0.9809741248097412
0.9274342835986672
0.9153153153153153
0.9563124768604221
0.9242770167427702
0.8844872269529804
0.7142857142857143
0.9263235838578304
0.9375951293759512
0.9088319088319088
0.7718309859154929
0.7156177156177156
0.7831835007932311
0.7480225988700565
0.7592256503327284
0.6636734693877551
0.7145390070921985
0.7763012181616833
0.7474358974358974
0.8036984352773826
0.9559422436134765
0.7083926031294452
0.6975145425700687
0.7206312098188195
0.7414395527603075
0.716255442670537
0.8734402852049911
0.6529680365296804
0.689358372456964
0.7396378269617706
0.7235412474849094
0.7706919945725916
0.7823860727086533
0.7284153005464481
0.7474937343358395
0.7414965986394558
0.7670731707317073
0.7551282051282051
0.7197724039829303
0.705547652916074
0.635846372688478
0.8253968253968254
0.7380952380952381
0.7379454926624738
0.7300546448087432
0.7282608695652174
0.7573529411764706
0.9444444444444444
0.7067348678601876
0.8364779874213837
0.8078078078078078
0.8057354301572618
0.7900665642601127
0.80083857442348
0.7568710359408034
0.8033877797943134
0.8524390243902439
0.5972423802612482
0.6157253599114064
0.7116935483870968
0.7217741935483871
0.553030303030303
0.822463768115942
0.7619047619047619
0.8362573099415205
0.6589147286821705
0.3717171717171717
0.375
0.24444444444444444
0.3888888888888889
0.3611111111111111
0.35714285714285715
0.0
0.09343200740055504
0.11806543385490754
0.1724137931034483
0.20526315789473684
0.47035573122529645
0.24761904761904763
0.19696969696969696
0.13333333333333333
0.2777777777777778
0.3333333333333333
0.6666666666666666
0.0
0.0
0.0
0.22807017543859648
0.0
0.13636363636363635
0.3048780487804878
0.5357142857142857
0.7142857142857143
0.26666666666666666
0.26666666666666666
0.2
0.4
0.8
0.16666666666666666
0.2631578947368421
0.0
0.3006535947712418
0.4696969696969697
0.3111111111111111
0.6428571428571429
1.0
0.9
0.0
0.0
0.0
0.44333333333333336
0.08947368421052632
0.2857142857142857
0.6071428571428571
0.0
0.6883116883116883
0.8421052631578947
0.9281045751633987
0.738562091503268
0.8362573099415205
0.6752688172043011
0.8304093567251462
0.7415384615384616
0.4444444444444444
0.3380952380952381
0.38235294117647056
0.8421052631578947
0.32051282051282054
0.4090909090909091
0.23976608187134502
0.05555555555555555
0.17857142857142858
0.3333333333333333
0.2
0.16666666666666666
0.750445632798574
0.7142857142857143
0.746218487394958
0.1857707509881423
0.7176470588235294
0.7914438502673797
0.7914438502673797
0.6933333333333334
0.8840579710144928
0.8876811594202898
0.8985507246376812
0.6702898550724637
0.7914438502673797
0.7005347593582888
0.6916221033868093
0.37777777777777777
0.6608187134502924
0.2
0.8184615384615385
0.782608695652174
0.7613636363636364
0.7914438502673797
0.8666666666666667
0.7934782608695652
0.0
0.7557932263814616
0.8913043478260869
0.8297101449275363
0.7914438502673797
0.23423423423423423
0.2
0.26666666666666666
0.8079710144927537
0.78
0.7914438502673797
0.8766666666666667
0.2600806451612903
0.3188405797101449
0.3333333333333333
0.26373626373626374
0.3333333333333333
0.19444444444444445
0.7608695652173914
0.3333333333333333
0.83
0.23809523809523808
0.4722222222222222
1.0
1.0
0.37037037037037035
0.35947712418300654
0.32051282051282054
0.0
0.41818181818181815
0.0
0.21428571428571427
0.0
0.358974358974359
0.6071428571428571
0.3333333333333333
0.0
0.0
0.7733333333333333
0.81
0.6
0.8616600790513834
0.77
0.8933333333333333
0.16666666666666666
0.6666666666666666
0.25735294117647056
0.0761904761904762
0.16483516483516483
0.07142857142857142
1.0
0.16666666666666666
0.16666666666666666
0.0
0.0
0.36666666666666664
0.2
0.2
0.2
0.23809523809523808
0.0
0.16666666666666666
0.16666666666666666
0.2727272727272727
0.39285714285714285
0.3
0.48947368421052634
0.4358974358974359
0.4666666666666667
0.7
0.9298245614035088
0.7426900584795322
0.9298245614035088
0.17857142857142858
0.0
0.7602339181286549
0.7543859649122807
0.9298245614035088
0.8304093567251462
0.8300653594771242
0.8362573099415205
0.7602339181286549
0.4175824175824176
0.17777777777777778
0.9298245614035088
0.4090909090909091
0.0
0.18181818181818182
0.0
0.4393939393939394
0.17857142857142858
0.5238095238095238
0.16666666666666666
0.3111111111111111
0.19047619047619047
0.2
0.26666666666666666
0.37777777777777777
0.8362573099415205
0.4444444444444444
0.4065934065934066
0.2857142857142857
0.42857142857142855
0.5
0.0
0.0
0.0
0.13333333333333333
0.5
0.42857142857142855
0.0
0.0
0.0
0.25757575757575757
0.42857142857142855
0.0
0.3333333333333333
0.26666666666666666
0.0
0.0
0.4696969696969697
0.17857142857142858
0.4
0.2857142857142857
0.6666666666666666
0.0
0.1111111111111111
0.1
0.26666666666666666
1.0
0.3333333333333333
0.0
0.25
0.14285714285714285
0.6666666666666666
0.23809523809523808
0.32142857142857145
0.2
0.3
0.0
0.0
0.0
0.0
0.5
0.5714285714285714
0.15555555555555556
0.7
0.09523809523809523
0.6071428571428571
0.0
0.7333333333333333
0.0
0.0
0.19047619047619047
0.0
0.0
0.0
0.0
0.3
0.21428571428571427
0.30303030303030304
0.09523809523809523
0.7142857142857143
0.5714285714285714
0.16666666666666666
0.5714285714285714
0.0
0.16666666666666666
0.10714285714285714
0.3111111111111111
0.5
0.0
0.0
0.2857142857142857
0.0
0.4
0.2857142857142857
1.0
0.6666666666666666
0.6666666666666666
0.3333333333333333
0.09523809523809523
0.5
0.0
0.2
0.0
0.9358974358974359
0.6813186813186813
0.6666666666666666
0.6666666666666666
0.0
0.2
0.3333333333333333
0.0
0.0
0.0
0.3333333333333333
0.3333333333333333
0.3333333333333333
1.0
0.6666666666666666
1.0
1.0
1.0
1.0
1.0
1.0
1.0
1.0
0.5
0.1
0.0
0.3333333333333333
0.0
0.0
0.0
0.7
0.3333333333333333
0.1
0.3333333333333333
0.5
0.5
0.5
0.0
0.0
0.3333333333333333
0.0
1.0
1.0
0.7
0.0
0.0
0.3333333333333333
0.0
0.0
0.0
0.0
0.0
0.0
0.0
1.0
1.0
0.0
0.0
0.0
0.0
0.0
0.0
0.0
1.0
1.0
1.0
1.0
1.0
0.0
0.0
0.3333333333333333
0.0
1.0
0.0
0.0
0.0
0.0
0.0
0.0
0.0
0.0
0.0
0.0
0.0
0.0
0.0
0.0
0.0
0.0
0.0
0.0
0.0
0.0
0.0
0.0
0.0
0.0
0.0
0.0
0.0
0.0
0.0
0.0
0.0
0.0
0.0
0.0
0.0
0.0
0.0
0.0
1.0
1.0
0.0
0.0
0.0
0.0
0.0
0.0
0.18708906156604901
0.21736158578263842
0.0
0.3333333333333333
0.17914873266379722
0.32142857142857145
0.0
0.0
0.0
0.0
0.0
0.0
0.0
0.0
0.0
0.0
0.0
0.0
0.1
0.0
0.0
0.0
0.26666666666666666
0.0
0.6071428571428571
0.0
0.0
0.0
0.0
0.0
0.0
0.0
0.0
0.0
0.0
0.0
0.0
0.0
0.0
0.5
1.0
0.0
1.0
0.0
1.0
0.0
0.0
0.0
0.0
0.0
0.0
0.0
0.0
0.0
0.0
0.0
0.0
0.0
0.6666666666666666
0.7111111111111111
0.0
0.0
0.0
1.0
0.0
0.0
0.0
0.0
0.0
0.0
0.3333333333333333
0.26666666666666666
0.0
0.0
0.0
0.0
0.0
0.0
0.6666666666666666
0.0
0.0
0.0
0.0
0.0
0.0
1.0
0.0
0.0
0.0
0.0
0.0
0.0
0.0
0.0
0.8333333333333334
0.0
0.0
0.0
0.0
0.0
0.0
0.0
0.0
0.0
0.0
0.0
0.0
0.0
0.0
0.0
0.5238095238095238
0.0
0.0
0.0
0.0
0.0
0.0
0.0
0.0
0.0
0.0
0.0
0.0
0.0
0.0
1.0
1.0
0.0
0.0
0.0
0.0
0.0
0.0
0.0
0.0
0.0
0.0
0.0
0.0
0.0
0.0
1.0
0.0
0.0
0.0
0.0
0.0
0.0
0.0
0.0
0.0
0.0
0.0
0.0
0.0
0.0
0.0
0.0
0.0
0.0
0.0
0.0
0.0
0.0
0.0
0.0
0.0
0.0
0.0
0.0
0.0
0.0
0.0
0.0
0.0
0.0
0.0
0.0
0.0
0.0
0.0
0.0
0.0
0.0
0.0
0.0
0.0
0.0
0.0
0.0
0.0
0.0
0.6666666666666666
0.0
0.0
0.0
0.0
0.0
0.0
0.0
0.0
0.0
0.0
0.0
0.0
0.0
0.0
0.0
0.0
0.0
0.0
0.0
0.0
0.0
0.0
0.0
0.0
0.0
0.0
0.0
0.0
0.0
0.0
0.0
0.0
0.0
0.0
0.0
0.0
0.0
0.0
0.0
0.0
0.0
0.0
0.0
0.0
0.0
1.0
0.0
0.0
0.0
0.0
0.0
0.0
0.0
0.0
0.0
0.0
0.0
0.0
0.0
0.0
0.0
0.0
0.0
0.0
0.0
0.0
0.0
0.0
0.0
0.0
0.0
0.0
0.0
0.0
0.0
0.0
0.0
0.0
0.0
0.0
0.0
0.0
0.0
0.0
0.0
0.0
0.0
0.0
0.0
0.0
0.0
0.0
0.0
0.0
0.0
0.0
0.0
0.0
0.0
0.0
0.0
0.0
0.0
0.0
0.0
0.0
0.0
0.0
0.0
0.0
0.0
0.0
0.0
0.0
