0.009422290827425293
0.0076707514107152
0.006852505770982376
0.006237451492115548
0.0056285266592831715
0.005890952602778398
0.005359937351584733
0.005070016330755123
0.004740244115010986
0.005109335711026863
0.0023254254063536403
0.0017169941512347033
0.0041096732488171495
0.0037952958790276304
0.006431809743541988
0.0064193163054904415
0.003897490343494041
0.003869505800567476
0.0031326738926598413
0.004920031673911487
0.00452062068387299
0.005002845953383489
0.004458361850640806
0.004554063845873061
0.004361101583886831
0.0049382696176895275
0.004633021398956765
0.00396242751179213
0.0036077115815699866
0.003437428388971041
0.003985623786287241
0.0039036883363328953
0.003568055478144799
0.003464204537464891
0.003687083948158299
0.003936126715442303
0.003921615188881733
0.003764414174284394
0.003487036399254099
0.0033676448338521648
0.003127184954517725
0.0031020698042490405
0.0027731239093151893
0.004183845832756342
0.0025940020559291808
0.0034855999073699277
0.0033503817148240697
0.0031568119674447383
0.0028852801730807234
0.0025773058170411433
0.0020953637839377236
0.0036246745741056715
0.0008812937128356259
0.0035727797721312434
0.001869767951076011
0.004437317897284948
0.0035277199185212113
0.003663665428465849
0.00266616854601607
0.0033692923052471473
0.0033176763298595345
0.0028363613770256953
0.002286272820136861
0.001977116924934174
0.0017486386203906066
0.0015733546269072018
0.0030354251978478024
0.004512876380592033
0.0038914741046971553
0.0025365894892472886
0.0012206549966837482
0.0036426113930871536
0.0033761625058162784
0.00344157272405028
0.003457988665232687
0.003230390533823533
0.0031979295680362274
0.003058896013371844
0.002471435314127336
0.002948125600790534
0.0020707264969465193
0.003121952046341919
0.0003245215188909981
0.0031356122167497734
0.0026721540634401814
0.0009930785412011957
0.002649970492305328
0.0027344667775776156
0.002777256657261537
0.0025303136730042038
0.0026654373380843896
0.0028086885005608065
0.0021465525610664684
0.002099366023383038
0.002148431018359464
0.0021807376558831354
0.0021368155873283208
0.002062984857221011
0.0020607223587159
0.0020727916626829927
0.00208086380330295
0.00024145675227336348
0.0020607223587158995
0.0022301658595635446
0.002053063445168874
0.002004386697895612
0.0021433727527193193
0.00023984928010316894
0.0021098713620050125
0.002033182813250358
0.0021588456440353437
0.002166042857523169
0.002112280652894342
0.0020585756691856856
0.0020988761606568814
0.0020455662409642585
0.002168117973426603
0.00024225411608778718
0.0020414718970716695
0.0021150425476478348
0.002045216662897777
0.0020832975993491263
0.002059475883811583
0.002141598540641454
0.002064675612687905
0.0022852454560280816
0.0020526826271788467
0.0022159986619165874
0.002156888079513886
0.0020505831528725544
0.002072351750663901
0.002144964030686065
0.0020329008867790094
0.0022410608613851178
0.0021895772043727803
0.0020043866978956115
0.002192623934933077
0.0022226002026087643
0.0020491239868630725
0.0020491835775344443
0.002104716327165656
0.00037005960905513684
0.002170230771931457
0.002146852028528677
0.0009922995191744975
0.002488659465351006
0.002551338916358407
0.0020569413602864193
0.002026397668080304
0.002210455391600751
0.0020035111794518188
0.0017589296529624601
0.0016199492569673442
0.0015038643928670587
0.0013304525677515905
0.0020509621939340363
0.0015042926808387792
0.002369107600743134
0.002107666193871441
0.0018768070517027023
0.002082419443294519
0.0012254208011097756
0.0024948645404215563
0.0026045647438469872
0.0025123647887884955
0.0023700841688409384
0.002254743807962436
0.0021508145588341222
0.002357994271522338
0.0020869282937837964
0.0017494371207408177
0.0015029397755268667
0.0014513491504854407
0.0014161541819438666
0.0015114459280883162
0.0015744243248312219
0.0010728610001262782
0.0012718442848656832
0.0019581594679291578
0.002203735420536667
0.0009546442816944288
0.0007136025078596615
0.00046076068239426
0.0023776738595048794
0.0018343094365479776
0.0013340483607184844
0.001839786856285418
0.0021161949123104933
0.0019412076257978971
0.00159347042323357
0.002128723729337388
0.0014286942557061658
0.002214300070308536
0.001973569262400245
0.0014105481248591172
0.0013042915923098758
0.0016882732379323363
0.0010887697749099399
0.0009019884025375367
0.0007842554357954621
0.0018354326491074571
0.0021560395051933193
0.0010199239779160691
0.0006616003773630839
0.0006636378185175916
0.0005388225853729815
0.0005239186848900961
0.00024093330241655136
0.004168390089981612
0.003216763680485303
0.002507295539209317
0.0018313890570965633
0.0013331026926512964
0.0014310246880097231
0.0011604787205758062
0.0010940193875193435
0.0008063922566689172
0.00047622069253592847
0.0004898253469462858
0.0004734740976990026
0.0002776971153143967
0.0002409487722658369
0.002857824373205525
0.0002278488042141896
0.0009382908630226327
0.002178309624071464
0.00047590751683787076
0.0004449575631741333
0.0006144473383844375
0.00047799319196525344
0.00046310799365924883
0.00036176868211268767
0.00035714864415883316
0.0005631840809235776
0.0010757757591996224
0.00021072296608302122
0.0010991745083657506
0.0006519251324464684
0.0006218649890387505
0.0005107881049109065
0.0003700710076998667
0.0003603342958836082
0.00028181553260494836
0.0002278488042141896
0.0002278488042141896
0.0013274788441171343
0.0021493782378614167
0.0007458505391017216
0.0005017877140681753
0.0002278488042141896
0.0015314989734967342
0.0012839608779568956
0.0012146696532137843
0.001269645672895826
0.0012969298887646964
0.0012784449841941894
0.0012741487477543388
0.0011595484243182475
0.0013894598310429638
0.000933974372861175
0.0007878012911963628
0.0012921428651356847
0.0006337116973801608
0.0005749838238537519
0.001620151949154728
0.0008920935151940881
0.0007832263227413874
0.0005780637595555905
0.0005679856198732573
0.0006636800083870328
0.0017981593918876787
0.0017766650161358294
0.0018411714048727496
0.00231931404193977
0.0017742246416897582
0.001665511975621097
0.001665511975621097
0.0014424484095369623
0.00120752441865268
0.0012149244229299478
0.0012199537467353495
0.001499856933733173
0.0016655119756210975
0.0016794747182167751
0.001815595785223446
0.00048548210406345444
0.0014025698147005989
0.0006705294230113959
0.0013141000448531697
0.0012281359907064888
0.0017450402134570383
0.0016655119756210973
0.0012517652910702985
0.001360112388113998
0.00021027722507144754
0.0017880532542423019
0.0012189398530579488
0.0012798618320080835
0.0016655119756210973
0.002428091947142739
0.0005938873936791744
0.000526037812279167
0.0012343924327483885
0.0012655385634623788
0.001665511975621097
0.0012573598776437905
0.00198433244527718
0.00147269859145438
0.0010575077846099895
0.0009940177189954515
0.0007361758012138519
0.0009096480080577041
0.001252735709258145
0.00028423682410771875
0.0012765897089746607
0.0006213760468050241
0.0005219003149456405
0.00030725464574707335
0.00027405223899139774
0.0016143558303604215
0.0014119826715712973
0.001057708251468306
0.0005668444955287215
0.0008096190831414228
0.0002182717412597477
0.0007910426728510347
0.00023905269615417192
0.000877796533063786
0.0004975951788357192
0.00048618495421049205
0.00048616292048931406
0.00021638522432337537
0.0014022673091613484
0.0013978033840582112
0.0003971506422683122
0.0011826761034949508
0.0012639969849568102
0.0012593660501058564
0.00032531500807822186
0.0003012036685304485
0.0014486719199214633
0.0014332088601077802
0.0014524773922672803
0.0006609487443996757
0.0002442372564583735
0.00044051155143781087
0.00043907019472437997
0.00025127676612850865
0.00025127676612850865
0.0011144503375705099
0.0010239255412886775
0.0015803141248029394
0.001269024016481452
0.0009037553131800983
0.0005419673156073346
0.0007276020571570014
0.0005095210312225027
0.0010540160926558655
0.00046900613755522427
0.0004634704244704075
0.0011387447286935351
0.0005992571964546231
0.000370040283271452
0.00033954989773397144
0.0012736781160441434
0.0013403032110359328
0.0012736781160441434
0.0006965996265078867
0.0002283099362554988
0.0012900509335131934
0.0013254654395835795
0.0012736781160441436
0.0013105282126908645
0.0012096087091991333
0.0012879900033838608
0.0013679257168256744
0.0006750239617380047
0.0009511852570089587
0.0012736781160441434
0.000798880120518466
0.000393578953664773
0.0010787304076845133
0.0005022248062358843
0.0007618835937947009
0.0007355588782028821
0.0004461080949177746
0.00043854150141860285
0.0007590454507491617
0.0006807962717409423
0.000608427480897644
0.0006305854053807082
0.0006824044407825192
0.0012545706060154295
0.0005238107089787002
0.0006652271355403203
0.0006440504253868498
0.0004343025626215938
0.0002982370322632576
0.0002968771317239774
0.00025050547490298335
0.00023223987471159178
0.0009447402484841182
0.0005738378226484037
0.0006002507174132948
0.0002569115815285767
0.0002466543791054897
0.0002466543791054897
0.0009968758278123978
0.0004515243318674882
0.00022358533350520674
0.0006836790383402694
0.0005239174742092194
0.0006648441990333519
0.00037767365377117665
0.0005517452620818783
0.0007366687387027937
0.000522938532865341
0.0004521387860801074
0.0003059392615841614
0.0002701752457298308
0.000739339616357592
0.0005666554541063442
0.0006311642132134762
0.00029284229817867893
0.0003144799422153876
0.0002361749268475371
0.0005030239203345527
0.0006870549953687151
0.0003303185862184142
0.000723219993527684
0.0004389816805695568
0.0005198945626069427
0.0005831828723708941
0.0003257031490381378
0.00025374912100334965
0.0006431400699577831
0.0004166913420247901
0.00041698642976126086
0.0004396499397632657
0.0009222354148823224
0.00035299319510002713
0.0006541341696607806
0.0004943314281048365
0.0002402223612839318
0.0004354472279476132
0.00033224853048745837
0.0003275187490430994
0.0006961805507395693
0.00041799689303686756
0.000263623921093151
0.0002569115815285767
0.000264481848230757
0.00046709576650980604
0.000789526403415431
0.0010231782020311943
0.0007370680233706174
0.0004426314737043963
0.0004636868056313752
0.00046773808196928806
0.000447907444979611
0.00027406488598489295
0.0005055754612160056
0.0009021967167254172
0.0005702954023694186
0.0004440489846451139
0.0002614214733843649
0.0002437160175822422
0.0007557236303617223
0.0002753047339399513
0.0011455780402865375
0.0014108981530192403
0.0005316364151931488
0.0007064976629268606
0.0007330829123816261
0.0006171548495870134
0.0007783651464807267
0.0004767266465582275
0.0003159930162024807
0.0004846562576974197
0.00025506412238844996
0.0005740471168322875
0.0008439266369035162
0.0007109843235039613
0.0005872541201677586
0.00025260962957639627
0.0005372428397102446
0.00033357690026839367
0.0003919642595930003
0.0003201784561266284
0.00031017356423778585
0.001464076265761615
0.0008404339381733352
0.0006420265562080067
0.0005515691680240319
0.0008388824409520684
0.0006106609037190915
0.0011037527593818985
0.0011037527593818985
0.0011037527593818985
0.0011037527593818985
0.0011037527593818985
0.0011037527593818985
0.0011037527593818985
0.0009711633743387616
0.0006853417472880734
0.0006045365993215022
0.0004480557472815637
0.0005935576633907442
0.0003832464689203321
0.0003068423147669456
0.0004016067094652356
0.0005507896883447431
0.0006507746600208514
0.00034476284156497545
0.00039853772502567374
0.00034876142863202734
0.00035556686574745433
0.0005090994495711697
0.0003098077502648602
0.0003531807221868807
0.00030019293884377623
0.0011037527593818985
0.0011037527593818985
0.0003962888840105825
0.0011037527593818985
0.0011037527593818985
0.001619142898189674
0.0006243200706677888
0.0007782198589211498
0.0005832302179594371
0.00041015826488537995
0.0003429719161040476
0.00034277480095353343
0.0003403652940539246
0.0011037527593818985
0.0011037527593818985
0.0005227445678550605
0.0003877293207104655
0.0004064718419477052
0.0005231007781919604
0.00038788070961098033
0.0005383823004011189
0.0003943753832530781
0.0011037527593818985
0.0011037527593818985
0.0011037527593818985
0.0011037527593818985
0.001085774034335066
0.0008747386533722461
0.0005939969594775076
0.0006059439202227313
0.0006811028833266276
0.001085774034335066
0.0011037527593818985
0.0011037527593818985
0.00045503170400883035
0.0011037527593818985
0.0011037527593818985
0.0011037527593818985
0.0011037527593818985
0.0011037527593818985
0.0011037527593818985
0.0005561046848106922
0.00040190739992797215
0.0011037527593818985
0.0011037527593818985
0.00046393337646211797
0.0005853945738561918
0.0008690151686420072
0.0011037527593818985
0.0011037527593818985
0.0011037527593818985
0.0011037527593818985
0.0011037527593818985
0.0011037527593818985
0.0011037527593818985
0.0011037527593818985
0.0011037527593818985
0.0011037527593818985
0.0011037527593818985
0.0011037527593818985
0.0011037527593818985
0.0011037527593818985
0.0011037527593818985
0.0011037527593818985
0.0011037527593818985
0.0011037527593818985
0.0011037527593818985
0.0011037527593818985
0.0011037527593818985
0.0011037527593818985
0.00037301459390593535
0.00037301459390593535
0.0011037527593818985
0.0011037527593818985
0.0011037527593818985
0.0011037527593818985
0.0005373295881463657
0.00019155063513438968
0.013755290946869935
0.007901389787743473
0.00021606053061888928
0.0005757236433802838
0.013666835839395248
0.0006822481988120974
0.0011037527593818985
0.0011037527593818985
0.000273269146148439
0.00023399325810538412
0.0011037527593818985
0.0011037527593818985
0.00024712374003915677
0.0011037527593818985
0.0011037527593818985
0.000194407010260663
0.00019503677971976775
0.00022223028523842662
0.00040393921684641487
0.0001935610676467192
0.0001935610676467192
0.00020316323433536718
0.0005204903615854699
0.00022223028523842662
0.00044552752339097035
0.00022223028523842662
0.0011037527593818985
0.0011037527593818985
0.0001975200061699684
0.0011037527593818985
0.0011037527593818985
0.00019673342079257788
0.00023928240926002147
0.00020522274466168528
0.00022215023082044542
0.0002062880822763429
0.0011037527593818985
0.0011037527593818985
0.0002105170472328102
0.00047245921601229903
0.00024856656880701595
0.00026537800634314013
0.00027804306909579295
0.0001980425897849386
0.00024904557846994034
0.00020012509453268818
0.00020012509453268818
0.00020012509453268818
0.00019473376391244444
0.0005273320343483692
0.0003896790009691912
0.00020290844052802429
0.0003368482608203234
0.00023957659553810928
0.00021606053061888928
0.000263623921093151
0.00019564049474851775
0.0003098695585396094
0.0004205218138160218
0.0006896960177991959
0.00021606053061888928
0.00021606053061888928
0.00021606053061888928
0.00027272790195003105
0.00021606053061888928
0.00021606053061888928
0.0002885292108747782
0.00021606053061888928
0.00022223028523842662
0.0002027214781219073
0.000517024776756013
0.00037275430726105166
0.0002585546920765464
0.00023472074825145616
0.00019406736756990943
0.00019406736756990943
0.00019406736756990943
0.0002415094958488546
0.0002706667585782462
0.0011037527593818985
0.0011037527593818985
0.0002010752479954759
0.00025231362435372605
0.00021095294778651746
0.00019533423240286474
0.00022537971674810615
0.00019096156908254003
0.0011037527593818985
0.0011037527593818985
0.0002820709882677424
0.00019525269093070992
0.00021606053061888928
0.00019317468303226953
0.00021448339784453692
0.000332458398373159
0.00019112154580236754
0.0001984201856278435
0.00028260569939159445
0.00021448339784453692
0.0001984201856278435
0.0002775684601611698
0.00023223987471159178
0.00019746380980239172
0.00019746380980239172
0.0003892828333901114
0.0005263998789195141
0.00019873367385025504
0.00022223028523842662
0.00021606053061888928
0.00021448339784453692
0.0005212516302081279
0.00020148480495808802
0.00020148480495808802
0.00022418705314870838
0.00024677814905697674
0.0002495171899447973
0.00021448339784453692
0.00022223028523842662
0.00022223028523842662
0.0001974730543794541
0.00030659502203170404
0.000250241319840457
0.00021395953678612185
0.00019249734622406485
0.00019249734622406485
0.00030370743772563114
0.00025502352395672425
0.0005276550185614595
0.0011037527593818985
0.0011037527593818985
0.00019520071589037593
0.00021772100396779296
0.00022223028523842662
0.00019540888858131137
0.00021460629948747006
0.0003860585382147012
0.00019049120559928102
0.00022223028523842662
0.00027903347957517204
0.00021448339784453692
0.00019540029746303032
0.0002517331478376764
0.0011037527593818985
0.0011037527593818985
0.00019506577650653463
0.00022223028523842662
0.00019675970180759936
0.00021746834958867044
0.00020457530410256594
0.00020457530410256594
0.00021448339784453692
0.00019615184841936212
0.00019615184841936212
0.00021308837762251283
0.0011037527593818985
0.0011037527593818985
0.00021026439377514787
0.0001992115401905941
0.00019075234850879708
0.00019452332841904597
0.0005316071303700414
0.000266136794125233
0.0002409487722658369
0.0011037527593818985
0.0011037527593818985
0.00019795749286631679
0.00019795749286631679
0.000568232889398268
0.0001968019381445662
0.0002021972621245679
0.0001981195824572372
0.0001981195824572372
0.0001981195824572372
0.0001981195824572372
0.0001981195824572372
0.00019050552378658574
0.00020303057401895892
0.00019071342808678983
0.00023201174771707718
0.00019340221337863035
0.00028523950300064505
0.0011037527593818985
0.0011037527593818985
0.00025127676612850865
0.00022223028523842662
0.00021448339784453692
0.0011037527593818985
0.0011037527593818985
0.00031205324305527883
0.00019842104182165438
0.00019842104182165438
0.00019937154764563305
0.00030019837711989667
0.00019668374921215
0.0001904993004885528
0.00019490549199028628
0.00020904871514444974
0.00020904871514444974
0.00019101691826216126
0.00019896018475819836
0.00022295729280181903
0.00022223028523842662
0.00019338127200545986
0.00019338127200545986
0.00021324014447669426
0.00019162105781028588
0.00019611893391044259
0.00031542033181267674
0.00022223028523842662
0.00019321400942288425
0.00019321400942288425
0.0004070618686067398
0.00021606053061888928
0.0002010174113856594
0.00019044310117084275
0.00021680129026553492
0.00021482972619265794
0.00021606053061888928
0.00019491623924986021
0.00019910300103349326
0.00019910300103349326
0.00019910300103349326
0.00019208306743038401
0.00021448339784453692
0.0001907484246337838
0.00020242163930526006
0.00019729229707236265
0.00022223028523842662
0.00022223028523842662
0.00022223028523842662
0.00022223028523842662
0.00022223028523842662
0.00022223028523842662
0.00022223028523842662
0.00022223028523842662
0.00022223028523842662
0.00022223028523842662
0.00022223028523842662
0.0002553155377465998
0.00022223028523842662
0.00022223028523842662
0.0002396458403257476
0.00021868298931964472
0.0005348969571445872
0.00021868298931964472
0.00022223028523842662
0.0002278488042141896
0.00021606053061888928
0.00021245826378361933
0.00021448339784453692
0.00019535669906681148
0.00020018478494280624
0.00020018478494280624
0.00019736820528761054
0.00022223028523842662
0.0001955095014998912
0.0002916938916972683
0.00021051106797384222
0.0002402223612839318
0.00039149591838957674
0.00019950930297053178
0.00019950930297053178
0.00019950930297053178
0.00020184469696161994
0.00023845047693718587
0.0001917265692683009
0.00021448339784453692
0.00020417244824573163
0.00021448339784453692
0.00021448339784453692
0.00021448339784453692
0.00021448339784453692
0.00021448339784453692
0.00021448339784453692
0.00021448339784453692
0.00021448339784453692
0.00021448339784453692
0.00021448339784453692
0.0001905604712444283
0.00019222405185835394
0.00019222405185835394
0.00022223028523842662
0.00020231125695584456
0.0001975851404371243
0.0002034712011466943
0.0002729976655063908
0.00019468603473354862
0.00019468603473354862
0.0002137337090860209
0.0002259293145264466
0.00020009718686291088
0.00020009718686291088
0.00024981630070996944
0.00020009718686291088
0.00020009718686291088
0.00021448339784453692
0.00021448339784453692
0.0001926850211556635
0.00019962257850562098
0.00020412348410900932
0.0011037527593818985
0.0011037527593818985
0.00038981626786419114
0.0011037527593818985
0.0011037527593818985
0.00019046693684446003
0.00027619458146620706
